3016
3170
3287
5825
2516
2339
3055
2244
4023
4764
3730
769
1289
2891
657
4907
1542
1848
4193
2867
2124
3190
3299
621
982
4495
5992
200
4910
4018
4271
606
5043
1985
1744
5956
4262
1723
3536
4913
4133
4572
34
3039
1568
4492
4718
1556
3709
3428
5743
5957
5489
2818
4962
2094
4004
2167
852
3747
3157
306
5272
4214
5107
4853
2069
5215
5746
2482
4398
1324
3849
2882
3126
1260
3663
727
859
4677
4455
4646
1055
2561
4036
2011
5195
3063
434
3365
1308
401
736
558
28
2582
657
2001
33
5890
4628
5099
3019
2520
87
5634
3359
381
5274
2860
5312
4857
1123
1222
1015
3329
785
925
3543
433
1023
116
5128
3388
44
5140
3003
2287
356
4249
2527
3997
5011
2187
3042
196
4951
4394
394
4257
312
5991
1305
5938
1312
379
4595
1342
2830
3102
872
308
940
4668
5537
235
3511
5199
5904
2397
4540
4209
5868
68
1083
4371
4865
3171
2571
925
5876
5817
4920
312
1926
4864
4087
787
1906
1651
5742
96
2610
1216
3356
2817
644
3685
4374
663
5295
5070
5182
4972
5599
5435
4266
1669
3635
3365
3432
3257
5614
2721
996
1863
494
3033
690
4009
2749
4318
3458
5610
5490
2834
2529
4718
4374
2108
2949
1746
1715
3653
5343
2308
1793
2021
5864
4375
729
3269
4211
5251
1254
2524
1216
786
419
1142
744
3442
672
948
5682
1122
3787
4216
4390
1206
4893
1412
399
1960
287
2285
4139
4353
5857
5625
1205
1436
4756
2927
3112
3671
5464
5340
1550
1085
4569
1543
5969
4763
4515
2729
2780
3019
3062
3511
622
5615
2537
2454
10
612
839
992
1193
4807
832
4707
3292
4335
4038
404
4695
4750
2603
1
1289
1878
137
89
3384
5868
5472
3969
4175
5225
5397
5193
4248
1096
1236
3957
3958
2820
1519
289
2598
5626
5198
2681
3945
2472
604
5762
2216
2262
907
3722
566
4154
5002
3482
2020
2319
5635
1131
250
1336
2141
4784
2714
3435
1447
918
5584
3009
3906
1280
4377
5213
177
1695
2453
4044
3679
2538
3458
5083
2160
1260
5372
1029
1598
127
5130
286
54
1373
3734
2246
4144
5077
2472
5370
580
2520
1165
5925
1630
1257
1437
116
2534
5924
5715
426
678
715
4063
270
2879
5578
4085
5502
4279
4479
1893
990
2285
2582
2608
1282
1505
3864
3066
412
924
3548
3182
1135
483
2800
4034
217
878
2354
5890
4054
1691
1198
4370
1618
2983
8
5487
1712
2180
890
2628
4650
5444
4914
4496
832
2804
1157
2713
2163
1076
5297
1098
5036
4038
374
1727
3428
1472
3070
1543
3802
1475
3788
3748
3738
3977
1912
286
5690
5589
2965
3501
3919
4763
5830
4565
4477
3849
1915
5390
5133
868
1984
1623
2360
762
4432
840
1883
3527
5042
2289
5866
2946
4657
2427
3619
2630
1842
2137
1620
3807
406
734
2835
3636
2632
2917
4623
5911
2268
5416
1057
1797
4664
4487
3181
631
1015
3421
1632
11
5415
4943
4143
168
1325
4836
5700
4147
208
165
5592
2515
3365
313
1259
3176
2503
5490
1629
5468
1242
3536
2718
2949
638
3717
5417
1247
2848
5697
1834
3947
292
1165
113
4842
5129
435
4434
853
3432
2988
4856
2639
4291
5200
4821
5271
4039
2451
442
3443
1980
508
3261
4431
4369
2399
842
3453
5942
4039
5452
4220
3024
4606
220
2298
1202
47
4363
368
3617
233
583
4716
1283
4038
363
5129
4294
2097
2721
3947
2474
4183
3014
296
1890
4958
585
4445
1693
2417
1442
879
3998
1553
2751
4987
5948
1696
5681
1284
1706
3564
4116
2758
4934
3363
4883
3336
1307
245
477
2514
5782
2090
1804
2969
4719
4926
2143
4392
2483
3360
2453
5934
3919
5081
4219
5464
13
5940
3303
344
2145
5197
4728
3618
4688
1311
1975
1407
4149
5135
1197
5848
1759
1521
4778
3181
3270
4212
5880
2549
2777
415
13
3669
605
2693
1244
2888
763
2702
5436
1119
3045
3927
4878
5855
2684
4830
5777
4842
2454
3822
477
5057
4274
5116
5719
3389
5765
3875
3039
870
1725
2105
5229
2435
1266
1469
5930
1005
4257
1607
5646
188
5842
2647
2966
4099
1106
385
412
3671
3456
2074
4152
4397
5944
5944
1866
4709
648
2397
1242
3127
3261
3390
976
3959
297
2715
2753
1640
722
3815
4423
4812
2462
1370
1590
918
3036
4170
930
2516
4532
5770
3929
3513
351
2089
4231
1344
4492
1453
3500
3524
5701
626
3591
4143
562
2106
2933
5690
3527
5355
2257
4113
5984
3749
5302
2181
2801
5815
1755
4138
3231
3792
2516
5174
5770
733
1420
506
3419
1180
718
811
4844
2020
69
1369
183
3333
4324
3610
1658
1960
198
1755
4797
1102
1861
1922
1823
3596
4624
489
2817
428
4255
519
392
5743
2947
1852
4004
2954
1701
1901
4573
3594
752
302
4823
3253
786
3407
3695
1397
1930
2116
2268
5928
4992
4711
1968
5146
35
1271
1304
1264
1248
3794
3051
748
57
2404
1694
1657
4658
2983
4951
2641
3527
5189
5481
2529
5073
127
5281
1308
5338
3971
3899
2934
2641
1512
399
5659
4187
3982
5993
579
2994
4595
5447
5732
41
2982
4715
3450
210
2141
3825
686
1517
2668
5772
5782
1211
848
103
4538
1573
1667
5994
3555
2730
1054
3919
3603
1423
1470
1510
246
1515
5604
1870
3111
2056
4130
5487
3045
5895
1464
5921
1943
4273
65
2715
5237
377
3168
4361
5970
5627
5802
3817
5972
2415
2693
2829
5928
2176
2991
3342
127
3991
1833
2426
3319
4442
3543
1533
4475
173
4665
3447
1275
470
5199
5024
1866
2284
5197
4747
4862
4395
5398
1255
4638
838
779
269
4775
413
2755
4875
1969
887
3363
5760
3895
1543
995
5897
1368
1935
4197
193
3652
98
1686
4892
4037
59
5047
3918
677
2247
3589
3984
1298
1387
2519
1076
3685
4572
3981
3930
2797
1585
5582
3284
4062
22
4767
5050
714
1504
5864
1126
3112
160
3738
5278
3662
4623
1820
1468
2420
2096
788
2124
5508
3449
5345
2125
3305
4013
2453
802
1819
5518
2930
2895
2815
682
3577
2304
143
1146
941
3495
5218
5857
4470
695
1839
4575
4101
408
3471
5963
3370
2409
660
1668
5776
2188
605
2958
1567
3795
2813
4796
4136
209
4501
5783
3
2726
2691
3072
5786
1427
3018
5291
3701
1500
3
5572
3949
3136
5918
5051
3851
1841
1504
4700
3789
1274
1576
1933
4890
261
30
340
958
5277
1909
3861
3415
5549
3072
4944
955
4030
2504
5651
1256
5673
4570
5205
381
2914
4394
1310
4560
4860
5163
1467
2675
1485
5449
4713
4206
1135
1588
1512
4424
4813
2848
4045
399
4083
5453
2885
3821
989
1571
4908
3769
2113
3084
5389
371
841
1405
504
824
1
3664
916
4414
3366
2399
2768
5075
2975
369
3246
4573
3921
4232
5878
4689
5128
723
1980
4685
1667
474
1013
2987
5421
1863
2236
3333
328
173
782
1640
4056
3951
1272
535
3750
2753
3200
5881
5495
415
678
3694
3315
3670
633
592
1886
5264
4284
393
3706
1791
2585
3572
2185
5148
1439
5116
3075
4960
746
3856
5741
1411
2797
479
1111
1701
4192
2389
607
2825
5278
3067
2046
540
4132
1915
2373
5223
4328
5453
5124
5879
5104
4401
773
1744
5152
3492
543
4909
3018
3846
851
2896
4043
1472
2412
5507
1949
5792
4954
5151
2481
3202
1729
4581
1066
4395
5333
4286
4125
4644
5916
1832
4610
5375
4615
1175
373
5145
2927
1376
1310
4692
4928
3241
5610
1881
1455
5212
5140
2270
3949
2294
816
5583
262
3975
4808
5626
1645
944
5675
3142
5156
1943
890
3716
4990
5320
2822
4166
3637
763
4992
857
1421
5289
3398
4087
733
5851
2846
4040
5313
903
4540
3903
5055
929
4740
2486
1242
3271
4970
123
5592
5663
2177
3771
5318
5569
324
4036
5266
2853
5158
365
5347
5410
1370
847
4777
3153
5998
5906
4109
5269
5766
806
5755
760
5064
2065
1518
3189
5503
5888
1748
1056
1338
4318
4943
5464
5687
5123
5066
2645
2197
480
2455
4523
1799
5156
3003
3758
324
3317
3283
4722
2093
2130
2465
2480
5124
4092
5241
245
3271
473
5524
3762
1571
5363
2420
2847
3087
5670
5927
5685
4862
879
3888
2620
3032
3618
2069
4922
2789
5916
5697
4526
3743
645
5475
2879
5221
2867
3968
2880
3282
1764
1295
1455
1597
4448
305
3506
3945
4282
4845
2902
836
338
341
784
4741
1310
5718
5725
5545
4594
1672
4282
184
3291
486
2109
1936
2682
4953
1199
1560
3117
4510
1801
354
452
5438
323
2312
3922
902
942
801
900
1731
4711
2679
2143
2131
1784
5365
41
17
1814
265
5924
5328
4768
2946
4752
5561
1247
4654
2468
1794
3917
3191
4893
735
1919
3743
5397
4738
1
7
1560
351
5734
2939
2731
774
5457
4593
2804
572
4574
1848
5551
2194
4486
1342
1647
5182
774
2638
2951
544
1331
5557
730
2472
2800
1688
2350
1527
3162
1341
5439
1539
5343
1706
5756
4751
1556
1586
4832
4246
537
4936
2071
3357
4
5447
3210
639
2514
3622
3011
2031
4441
2201
4668
5070
3006
3362
1747
5448
3225
3892
4466
1833
5205
2516
4834
2652
554
657
536
549
2593
2306
1518
4399
764
4136
3994
1103
4950
3757
23
0
4472
3862
4960
5388
5254
3133
3874
1666
1041
5024
1547
4640
4688
5009
875
3899
3296
5517
3336
4633
4448
1636
2800
4933
3988
5653
185
2507
588
738
1404
4767
4940
1459
2709
4506
1588
5402
1821
3801
1350
3943
4255
1394
5881
1189
1956
3604
3204
2221
3717
5827
4020
1142
3938
831
3265
5929
2031
5452
5730
2814
1228
2823
604
3793
670
5013
3523
980
473
4905
4112
760
1995
2219
2115
3174
680
2910
1990
3608
782
1675
4333
2704
3806
1943
4636
404
5769
4625
1743
3289
346
1927
5929
4730
5555
3792
1692
4974
1006
1936
3342
3070
4693
2091
3986
458
1045
845
2863
5250
5303
3475
3916
2499
5373
3329
2172
3339
3054
3707
3834
4534
3993
5715
1045
5903
1835
4313
4994
165
4868
3733
5442
4009
4965
2501
877
2663
4807
5673
5240
2888
2275
1313
699
1132
2444
5976
3065
2641
3886
1789
5314
1486
2912
1788
5206
4900
5041
414
3237
1888
1278
4490
1039
3830
1801
4616
1976
5795
5346
5738
950
5380
4966
2601
3407
3265
3897
3029
210
176
1037
5281
1380
2659
3962
5322
1748
2961
2568
3590
3289
4414
4209
732
4313
2970
1738
3943
802
2002
1031
1819
1950
1144
2474
114
2460
748
5425
3511
284
5591
1979
5324
2377
4649
2239
2163
2549
2168
3980
5782
723
834
885
3787
3839
2614
3540
4487
1221
2828
4087
4977
3529
4102
4777
1531
2369
5255
4777
3550
5337
1630
2315
4705
576
4137
2688
1425
5985
4141
2808
3662
959
4432
3764
5765
4912
770
2378
4418
2975
3968
2958
5907
3017
5119
5287
464
1629
4406
497
1104
1874
954
2700
4267
4441
5397
1216
5593
4394
4229
5857
420
5917
5576
2036
1027
1389
1833
1503
1229
696
5529
4172
5785
1997
2952
4902
3003
4119
3406
4164
184
5434
2458
3275
2822
2405
5305
3315
121
5031
5206
4005
3054
2161
2088
4606
3164
3018
3652
1426
4404
2433
3777
3707
616
4013
691
1557
1749
1999
2170
135
4577
4682
3092
5593
4560
136
3837
2168
4532
4530
2462
4509
3152
4544
1136
590
3470
4274
4105
2597
1570
1667
2403
1859
3089
1776
3699
5280
5352
2103
3959
2781
1078
2988
5175
4044
3966
5313
4082
271
5016
859
698
4807
1185
5355
4605
5301
2916
2690
3159
3580
4171
4843
1272
1603
5924
1878
1063
745
3548
5838
1506
1230
4204
1509
1216
2787
2230
1896
1745
2546
2533
782
2119
3819
2289
2968
1984
5742
3627
698
445
734
4621
379
4678
2459
720
2995
2529
1320
5696
2580
649
1607
429
1780
2235
4174
1158
3897
153
4953
2411
4819
2126
2752
1556
1986
745
3594
1852
2955
324
1388
971
1198
1108
1861
4305
5603
4953
2625
2816
570
3465
4773
1899
3791
1575
4680
4584
2652
2761
2613
5442
5701
4513
1400
818
2888
4224
5710
444
3181
454
2519
5069
4743
4487
4015
2590
5181
2237
3580
3126
5311
4894
3567
5666
5576
225
4330
3286
5593
1157
5415
487
332
2154
1950
2936
5175
3000
4099
4831
2492
5858
933
4221
2501
942
273
3910
4923
2778
4964
3077
5465
2875
5546
2404
4293
3639
5628
3393
4517
572
1135
576
3248
1203
2282
1588
17
3780
5424
2493
5237
2498
4936
2359
3024
5057
4992
3884
5945
410
3460
1892
2248
3977
3221
4640
4811
2050
1980
2299
5361
4877
4052
2499
1576
4785
2775
2552
401
5776
1984
3934
4326
4337
5520
2694
2452
3623
2901
5757
4997
845
5215
5605
4327
526
5806
4475
5793
292
3630
2078
5472
3100
3063
1918
1489
4185
2604
4498
776
2587
4213
1158
4069
5908
3034
3887
4530
2900
5966
251
5669
1620
4887
2593
219
3240
449
4810
5279
1118
5079
390
2376
5423
1295
3955
4170
1550
3550
5272
4197
3581
2661
5645
2508
2386
5366
3705
135
5371
3756
917
1101
3535
2202
617
4183
3357
4977
4071
1771
2016
2020
900
4055
2693
3225
5301
1271
4075
3296
3685
2977
2775
3491
3822
5251
5155
3618
4185
2294
5997
5308
2983
195
5604
2003
5360
1619
2267
2137
431
2817
5530
3759
1185
4714
5424
3291
1810
1868
1699
2234
2798
2829
3216
5469
4041
4808
4874
3286
298
4708
1974
4492
3704
1317
1492
3808
458
3965
643
1334
3541
5096
1079
5150
147
4051
306
11
3599
922
300
5768
2712
514
860
2448
1053
3421
2048
2935
108
1770
3988
877
211
3513
1461
4854
1047
3093
1073
5870
5744
5998
2270
2016
929
4036
4211
5595
3650
3239
2385
4113
851
4988
5957
5367
1981
1401
3095
4379
4436
4089
970
4093
861
1213
1812
4661
789
5205
187
5689
2812
4714
1724
2080
3322
1175
5695
3062
1908
928
1285
1601
5754
49
5929
5734
5796
4962
5914
359
22
1513
4355
3701
2087
4445
3830
5076
4417
228
293
1614
4159
4813
5388
1395
3679
4284
4009
856
881
360
849
5482
4357
4479
1749
620
2291
5553
4956
5719
2187
5644
3835
556
2747
539
4226
5827
1771
4714
4502
1085
2575
333
2356
4266
2328
5761
1601
4957
2740
2628
638
4230
2785
1697
3827
1147
2557
2694
3790
84
2993
3869
2615
3671
1974
1338
5083
1580
3332
4236
1365
3406
5446
5361
2187
2682
484
2358
4123
4503
1918
3503
615
1339
2636
2902
5386
482
4954
4310
5169
4038
4909
4873
172
4584
4525
1908
1294
4488
5262
5279
5001
4477
1476
1116
1726
5244
4659
5451
3937
899
3208
896
1342
2633
2769
3720
5346
3323
4591
4563
2606
805
1970
1666
506
1222
3633
745
5512
2246
3937
4644
725
3041
919
4537
1417
1589
2576
4812
1122
2437
5367
3817
5671
5065
2590
2348
2705
2891
4296
5187
3435
3420
4442
2100
3898
5269
1351
3487
2588
1640
5992
2342
184
2421
5297
362
5126
322
583
5881
1978
2406
4211
833
3939
5021
843
1207
4415
1420
3091
2322
5381
3412
4979
895
170
3026
408
4118
1517
1604
3849
3985
1986
1761
2629
718
3456
2440
2561
2537
1033
713
3219
2025
2659
2120
1890
4080
4769
2149
4171
4850
4630
4980
292
1157
5432
1782
3557
3683
4880
3771
761
691
1828
765
151
4199
568
264
2336
5370
548
2995
1628
4452
717
4521
5508
2766
2280
2809
373
225
5398
671
2305
1402
4348
5676
2420
492
3789
526
1345
4477
4131
5940
4546
4452
499
1862
1598
5451
1523
3232
2035
1103
3062
5722
4164
1222
59
2616
3154
5811
997
2559
2822
2076
1881
5062
3845
5833
4329
557
3621
1151
5169
2333
3664
265
978
2980
5303
5606
2204
3870
1497
3364
5901
4867
5814
5211
1700
4760
1065
1711
4404
2918
5683
1576
4560
3376
3748
1176
1503
1910
4548
717
1700
4773
3750
1145
747
2469
595
5184
4088
1426
2131
4971
1392
4542
4182
1449
2657
2393
3725
3108
2330
2407
434
5773
3228
3499
4469
4887
2673
2542
1064
5265
1095
2612
2166
4405
2379
1212
3210
4333
1428
3612
5211
1472
1837
4086
4551
4249
1128
2126
3296
2093
789
3741
3483
3033
5300
1625
3617
2436
4504
371
4618
2369
2975
1963
3616
3747
4595
2552
3392
3767
2242
5945
770
5182
5377
386
3048
1671
4435
1011
3457
1000
163
873
4764
737
2520
625
2425
4101
1409
832
3212
1985
332
3443
1875
5348
2083
2221
3307
41
2814
5865
699
1648
5182
2186
3432
5166
904
1038
1880
5243
1776
5670
5899
3305
216
910
3592
2185
1491
1926
2934
2847
169
5409
5005
3442
4817
3766
1950
320
5703
347
1345
3604
148
3886
5382
4723
5245
1120
4203
5647
3958
4091
5861
3716
56
4800
4638
1719
1988
4777
5000
2360
3627
2705
2088
5404
4874
5477
5561
2651
3251
3022
1616
4431
1089
2844
283
3518
3436
2586
3507
4284
5612
3866
136
529
2304
4387
4755
4673
2211
1681
2287
2004
5616
4893
3447
4334
4754
817
3537
1737
4582
2784
4571
5116
2430
184
4512
53
1102
4173
3286
5804
5289
5669
5382
4407
3574
901
1151
1664
5996
1662
1370
2222
1944
2004
4368
1143
5198
4345
5840
2204
4116
1914
2531
709
3398
3092
4230
1814
1394
4510
5927
4273
1749
5804
1597
4134
2090
1574
4904
1168
1640
3521
4063
4823
3953
3768
4331
4135
504
1148
3916
3377
5569
1689
5669
4287
722
4623
3662
4406
2375
116
2681
1504
2034
374
1776
142
4437
8
4309
225
3347
394
2452
4874
643
2361
3729
90
5349
5770
5101
3548
5460
1500
114
407
820
1004
2888
2208
1895
2884
1140
2892
1036
2965
3074
3527
3821
36
1731
4650
4173
3797
5434
2100
311
2644
2094
4851
5106
2632
2535
5749
2119
5465
3553
2069
3494
4434
1132
515
3974
5076
210
2749
4562
3822
5470
575
1823
5091
3950
2744
2467
3188
755
1778
1674
5900
3824
1405
3661
1968
577
1025
192
547
2325
1174
5126
3388
1546
5185
2687
5809
2585
1133
5906
2523
1928
2780
1654
3070
2015
496
5815
5011
2544
5134
2505
1078
1404
5472
732
1250
5712
1201
4645
2169
4023
4482
3367
2421
5497
1786
3537
3048
4724
4192
5916
164
60
2370
2911
700
590
4303
483
1256
4355
1241
3760
5531
2135
580
688
2114
966
1159
4271
5327
1596
5073
3334
3468
2356
2245
4342
5096
323
1987
4562
5029
3285
1322
3836
5399
807
5166
363
5506
5697
2414
3214
5259
2354
658
4868
4790
5820
2606
4698
3207
4946
3303
1303
650
2784
2989
1615
1581
3292
1832
5
3774
5496
5890
5069
2650
2612
412
1410
493
4079
3106
2587
4646
5160
115
5397
4027
5619
3345
2891
1298
2026
5266
5899
574
1520
4596
4442
1952
228
3129
1166
101
5218
4621
2902
855
2618
4893
3594
1152
541
305
4177
5699
3642
3427
4508
4525
2483
50
5162
3012
5446
4752
793
2138
1666
2940
1865
3466
389
3696
5791
937
3272
1881
2041
5710
5454
3698
4338
5168
696
3433
2991
795
1598
2217
5355
1857
1723
4534
4671
2793
4564
2705
4896
1831
4478
5837
3763
2676
3172
1609
4025
4112
1936
4874
5854
2064
610
2367
5459
5035
5263
3738
4374
2916
5764
1843
4338
904
5752
1521
2436
4738
3093
4181
2046
538
648
3194
5232
2425
3083
4529
1475
5536
5610
164
2135
3289
793
591
3619
1606
2105
5195
1144
5387
1537
1478
2914
5776
3495
3920
5837
708
4197
4812
4211
5842
5095
4651
467
2335
2215
4539
1782
1877
4972
3696
4352
141
3775
3428
262
1145
1768
2897
217
3123
2200
5700
2924
5243
3303
1593
4624
3945
3090
2760
2173
5827
3251
730
4141
2797
222
2479
2685
740
4649
4319
4410
1127
3739
4009
1060
1880
2517
4958
2744
3364
3646
1569
3401
1662
1364
1631
2418
189
5138
176
1728
4381
848
3484
2287
4461
3792
3777
5597
2341
4370
4804
4901
2371
4133
3748
4853
59
4874
1904
3737
1919
601
3216
4899
5405
5617
4119
1722
2290
3457
164
1375
3997
3205
4638
681
3227
1624
3787
2663
689
5635
4372
4865
978
2016
4051
100
3497
3651
3573
5202
2900
4355
1924
3304
788
1163
3414
2424
4322
13
5234
1515
2077
2016
1241
2717
4734
899
4619
1340
4263
1873
708
5040
3899
3911
5523
4813
4633
5493
5510
770
3971
1977
1714
3154
3495
1174
2912
1805
3206
4223
5265
3135
736
5634
4807
794
4352
5260
3475
2455
4186
105
5487
2624
2298
1151
2680
8
3084
5912
4862
3827
1080
1049
2428
2459
5509
3311
1323
2042
3816
3051
2962
2012
102
4863
3968
5194
4670
282
483
3779
3908
2108
1395
5526
1417
734
4156
2643
5691
3823
5778
5146
706
3884
2314
3020
5541
1633
4439
1216
1601
4611
4814
2399
5121
242
614
2463
4489
447
2030
5094
2380
5076
2649
126
3938
3666
413
2065
4079
5586
2304
4016
3593
1253
2107
4241
4953
7
2407
3817
2694
5267
1558
2221
3859
831
5544
5292
1309
1622
1598
2762
2734
3779
3020
4526
852
2815
4949
5951
1705
536
4778
4875
1995
3611
4617
4458
5188
3025
2501
2751
3535
228
4131
3768
1303
502
5609
1898
1322
1031
4095
3792
4457
232
3354
3310
5824
259
1007
3752
415
4025
1727
3441
2415
1818
3811
3748
700
2412
3395
4845
1979
1653
3135
1890
668
3723
4363
2905
901
728
3692
5410
3076
2850
4592
3799
1054
2137
3786
3637
491
5959
1266
4339
1845
1369
5396
2250
3380
940
930
3850
3915
4248
1792
3685
4196
4845
4204
5726
5591
575
5155
125
3326
3113
2294
3805
4649
2996
4148
4938
2210
4834
1990
4236
1503
4112
905
5987
2480
1840
1388
2954
1381
365
2405
1701
3458
4892
2026
2439
2597
4716
4679
301
3837
1731
660
2889
1482
1644
3826
2087
2891
1271
1376
471
4080
3478
3281
4180
4049
5713
266
2781
179
2603
317
2621
1162
5845
4361
1175
778
5550
2224
4222
1305
300
4049
3116
1561
497
4136
2067
1453
5057
5675
1185
474
5203
5957
2067
5853
2944
4543
2899
988
1908
3368
3461
4449
430
2027
993
133
5206
3347
5661
2174
471
4003
5310
3892
429
2184
1352
4462
1681
5308
952
34
1554
3447
1226
3806
3611
2454
4828
5983
5171
4858
5262
1701
5407
277
4264
4795
2519
4535
4950
5811
4605
3768
812
3847
3123
575
348
3691
4369
5769
5910
2300
1052
1423
5384
5898
2903
761
4544
2948
2329
0
4284
842
353
2440
552
1519
5503
4042
3547
1186
5942
2315
733
2025
2919
623
1342
3165
5623
14
392
239
5697
4303
3746
5623
2023
3524
4482
4891
962
3884
2699
3138
5954
1074
5992
5673
3326
2223
104
1048
4257
3862
712
2623
4164
3060
1940
5719
2258
2360
5056
2990
1695
4334
3805
4904
610
4375
3050
1161
2397
4936
2784
2506
1790
606
2173
727
5786
3363
38
5602
5027
4896
1173
1295
4064
4242
2012
1050
3940
5885
4518
105
5678
2177
5666
2524
2645
4285
3624
60
3304
3872
2614
4310
1619
5486
2519
5246
283
1016
2595
3689
2089
692
5077
4522
1029
5864
138
3266
1219
1317
2481
5283
4434
4988
1860
2053
5862
839
1065
964
4797
164
5258
3668
4169
3824
171
3376
296
840
1421
5465
3807
5336
5180
2474
4525
2161
3548
5944
1072
3439
366
5617
4126
2005
2667
3273
4667
3007
5716
3930
5034
3992
5469
1253
5425
546
1363
2840
5357
2924
4633
4573
728
1249
2790
3379
4427
4624
3566
4681
3934
979
1444
2330
3023
1632
2929
1109
543
5413
2912
2820
5314
1709
1877
2596
409
4034
309
4423
4524
3630
2381
1825
750
4204
4022
3383
1861
2207
554
3142
242
4010
4464
5017
1719
4020
4374
4057
1966
110
3985
3909
5682
795
4688
889
4478
2275
3578
2965
5359
4921
1920
382
5779
3851
5551
5921
5562
1034
357
2622
4466
2846
4789
3384
2858
5153
3428
108
1815
1850
2771
4004
2022
4320
2871
3289
4101
506
1982
1849
4398
1199
4182
2424
1896
1736
5875
577
5716
5608
242
5090
648
435
3022
491
365
2434
4539
2180
4286
2855
5614
61
2662
4901
4854
4718
5153
365
3949
4994
1130
3637
5835
1336
5016
2824
62
3453
3315
1523
348
5746
3441
4262
3138
5489
161
1765
4995
5042
5303
1088
2873
294
4470
4160
2718
5166
4699
4530
4410
4344
1469
13
2862
5380
49
2520
11
3033
5005
5672
4620
5073
645
1739
117
3861
395
2134
5237
3745
4430
27
1928
796
456
3686
3888
4498
282
4873
3175
4858
4730
44
1621
2878
1567
5192
2210
3547
1435
3953
5262
4391
5242
3106
5072
1164
3167
5696
2682
1547
285
3933
1684
5651
871
3490
4329
4751
709
2100
819
3000
4102
4223
1418
882
1959
2188
4985
3838
1106
4482
4674
2906
936
1825
5882
2268
3751
5361
5042
1344
5447
2624
4580
554
1806
1969
5239
1940
2340
2903
2058
2730
623
4145
2573
5360
5102
5364
3262
1726
5724
2300
2899
2268
3190
2477
1323
4094
5318
3874
3139
4594
2876
5747
93
5917
3290
3361
1241
3360
2874
603
2633
2993
659
2352
3990
2870
1513
4100
2820
5876
5044
5580
4563
618
1759
2160
696
1860
5167
4403
5225
5747
5819
546
3742
5495
4895
2703
76
4390
4634
5297
1691
4711
2869
3658
2226
3736
5021
1824
47
1158
3226
3341
3321
146
734
3384
961
2816
442
2618
802
171
5222
1138
1599
2492
2829
2296
1798
2792
1360
3506
3661
1273
4690
1987
4055
2727
922
32
5197
5517
4679
653
3800
4140
73
4466
1366
5484
1363
4281
3937
5584
2647
3280
4289
5185
540
5657
3467
2519
2489
3320
3643
523
4306
4707
4541
1240
3644
1811
1146
2335
1414
1347
3042
3542
2642
3430
1580
4404
3946
2323
2083
976
2679
645
501
2030
2815
982
5342
1013
4948
3045
4282
252
4121
4462
2607
967
1907
4862
5645
301
3893
4225
3445
995
4748
3402
1320
2368
231
3435
2396
5040
841
2590
1989
4285
5379
106
575
2011
2437
3350
4151
1190
3740
507
97
5082
1391
2017
3079
4769
1378
766
3211
405
181
1504
1487
162
2004
2147
1553
99
3006
5428
82
121
3992
958
2401
5846
2219
2912
5634
3492
438
3545
2351
2916
2889
1264
3722
2630
1780
4338
287
3983
3749
3255
791
5810
21
4414
5073
1535
4307
1202
1687
237
5054
5521
839
1249
1405
1564
304
4731
3135
54
2270
4134
5978
5266
2492
2672
1011
2909
3806
4807
4313
2464
5887
3307
2738
4700
133
2716
5552
5953
799
980
1702
3296
4875
655
741
4940
3804
5388
5876
2130
1886
2410
2175
4386
5207
5451
1832
3248
5036
4868
3327
4628
1004
867
4529
561
1886
5420
1134
5494
5499
2952
5406
4253
2165
5002
1899
624
2230
3842
4797
2811
5430
612
5600
1205
2344
4650
4200
4643
3817
4628
875
3827
3075
2658
3414
2732
5281
3769
4443
4679
470
1135
1075
1297
4223
36
258
1794
2011
4861
4608
4921
1898
1473
1143
546
4289
1948
3124
4105
509
69
1205
3124
4368
44
2285
4705
4380
5654
2781
180
993
498
5654
221
3115
2115
3196
2369
3287
5590
2561
3395
3122
5772
2119
993
98
5385
8
3076
1433
5246
1771
458
619
323
5625
1819
1179
1661
3768
2751
460
3117
2220
3172
1653
3506
1875
5656
4796
1044
3931
5120
5340
10
1436
5914
1749
5226
3505
3643
1816
4343
1766
39
2659
2974
5739
5841
3920
1501
5264
1003
3378
2787
1588
5602
3088
3195
4528
497
4248
3096
2983
2265
257
5589
2252
5984
5902
5327
1866
242
233
1221
160
1252
1549
1388
476
1050
2919
5937
2769
4678
5872
5141
3407
733
2305
3184
5249
4914
210
967
1454
1117
5624
3491
2143
5202
5152
2000
2786
2870
2550
4476
1238
1044
1208
4116
453
3824
1874
4212
4346
5417
1695
1262
758
3514
2515
298
2273
3256
1487
1221
4523
4411
1296
4452
2759
418
784
379
2760
1792
3370
1986
3638
3828
4546
3603
1779
3718
2693
2977
5025
5032
1730
2800
4257
4080
3446
3484
5773
4848
2000
3248
286
1171
4809
642
2990
4350
5032
2282
5924
5752
4974
2968
2885
2876
1091
434
2282
2054
3805
2716
4722
3278
1000
587
1655
709
3042
4617
5139
2133
5170
259
733
39
4442
2845
5627
4109
2834
1583
2415
3679
1763
3531
1432
5214
4127
5069
1232
4002
5981
5678
3644
5125
1170
2749
2931
4286
650
4801
3767
2321
1797
5777
222
4107
1788
1131
1526
5216
5083
5069
2211
5901
2205
1724
2194
4022
5316
5088
566
164
1654
1302
5209
5529
4554
2329
2903
2257
1718
171
1351
535
3441
3622
1449
5259
1823
5039
3265
5130
1393
812
4488
2848
4277
2094
3586
530
2835
5928
1613
3659
1734
1147
2448
5702
3625
394
5315
2090
5987
5197
1663
2460
5304
1406
931
3995
4473
1253
2313
4261
4342
30
4464
3265
2406
3737
2060
3412
1006
1123
3317
4707
3931
3315
1929
889
2012
653
447
4233
3184
5488
3844
485
4610
1523
5972
775
3683
2779
5684
501
5241
2455
1751
1920
1918
1848
2143
5684
5425
4047
1964
4712
4568
384
1160
5630
1014
5576
4208
576
216
2092
1192
5351
2484
3637
5144
843
5985
3622
2108
3237
3380
5194
4207
2813
4974
2778
3975
5102
1593
3152
4404
3845
5902
834
3504
2541
5604
2004
2739
4407
1861
3300
5446
1301
1337
2673
260
2569
2568
968
1687
878
786
1102
3280
1884
4018
4585
4341
2054
1050
2709
779
2131
944
3974
4592
580
1931
2266
510
3871
4965
5948
574
4721
3745
307
3844
5280
2842
856
5059
1875
4485
2638
4864
1224
721
3085
5216
4962
5002
5048
4744
2032
1774
368
4235
4819
2331
2796
3924
930
133
2222
64
4291
826
5958
2113
592
3512
1359
4059
5240
249
1236
1644
781
2421
5407
5795
1174
5454
299
5194
530
3362
3768
1833
5718
1829
4245
411
3822
4924
5957
3704
4629
4129
3276
3447
1247
1144
1263
1883
2573
5857
171
946
3573
2068
3046
2033
1365
5839
5630
3488
709
2886
536
5294
5894
2147
3099
5032
3021
2541
2445
3877
5437
1007
2135
4364
5447
230
4241
4749
5576
5850
919
89
4392
1671
414
5684
1427
1152
3991
4171
845
2547
2577
5438
393
1210
2794
575
2692
2029
1732
5340
149
1503
2119
4996
4686
4762
533
3060
3082
1788
3027
5232
4020
1232
2892
4834
5874
1578
4349
1205
2984
1893
5762
5913
463
2148
2329
5160
5656
3964
3424
4518
80
2726
5515
2063
5083
5297
4123
2064
3572
4002
5477
3728
928
1201
386
3942
4729
3624
1435
1687
5029
3633
3858
610
4823
5810
4383
3331
5843
3651
4989
288
65
2738
1805
1345
2221
3526
1420
19
1196
854
3550
3967
2496
409
379
5375
5929
4749
2978
3077
325
2956
3955
568
2438
4760
932
4663
254
1813
5561
265
5612
3930
1651
1663
5475
2343
3428
3853
3298
1490
5192
4730
1713
1519
2479
4445
3216
1497
4447
1922
2737
2353
1397
2394
784
2790
2358
1857
2423
4786
5239
4594
1549
5906
392
4347
3851
3412
3434
4326
5436
2100
879
2039
3392
5965
4480
3946
5536
1126
1295
4080
1243
3930
4203
169
1629
5924
2073
2342
3367
2212
5896
3229
163
5860
3027
215
5316
237
2176
693
3900
1667
983
3504
3876
4397
3906
194
1934
4738
2694
445
10
3230
5002
4862
2295
2922
2626
1372
56
236
1474
4729
856
461
2711
43
5636
2729
4527
2867
3740
1230
2638
2174
2247
4624
1070
560
5951
3914
4778
4174
5984
2549
2456
5245
4436
1288
1325
4628
1364
2192
5793
537
5285
1232
2743
546
706
3275
5670
5080
4281
4634
102
5888
1036
1057
3625
509
5523
2838
1382
5405
5969
1757
189
2299
308
4775
1346
4319
5530
2803
3852
2775
4010
3430
4056
5848
385
4307
2779
3044
4150
2791
2626
2120
2432
5654
2616
4137
4372
5936
2285
5489
5213
2614
1215
3133
2536
4391
353
4775
3119
1872
629
5524
642
4429
207
2455
1834
5368
2190
614
1794
1433
5815
2336
5990
2359
4031
4211
4908
1000
4945
4713
1496
2590
3867
4392
3393
905
4613
1555
5480
1473
5389
1617
1488
5597
3868
1737
342
3683
4087
5953
3501
2366
499
3836
1842
5052
1859
5698
4623
3822
3746
3518
2704
2182
5222
1168
1566
4851
2607
4040
2703
4651
5481
919
698
3684
2816
5895
1670
2227
674
5188
2924
4231
1091
1109
1401
2988
637
2813
5986
2326
732
5233
3926
1735
30
3417
429
2039
150
5538
1081
3606
1645
2124
2912
1696
1424
5438
5875
1292
5854
3579
4103
4755
3460
4678
3579
3740
3508
5546
3844
4195
5850
2295
2025
5754
5142
5865
1815
4554
3003
2878
2067
5395
2812
2032
5404
3276
3649
2160
4652
3556
2409
2174
3982
4510
4291
1456
4485
5643
1769
1706
4311
2006
2691
5972
5733
4732
1438
1427
1288
1266
991
5515
733
5120
4409
344
5733
2590
3526
3612
4162
2652
4673
5979
436
166
3950
588
2643
1740
1925
4455
3175
5858
5730
5591
5227
460
3255
2112
2913
5838
1615
4125
3729
2623
4160
5942
4885
5706
1153
1078
1371
3234
2716
3613
1788
3251
4853
2807
5698
3223
245
5347
1784
5505
5063
1262
3218
2848
3313
1440
5526
4225
5170
708
745
2680
1389
2684
5921
5470
2187
3048
3880
550
4016
2473
1832
404
5328
1280
2621
4375
811
862
448
5985
2652
2098
5532
4247
3143
4352
2511
5687
5360
4186
3465
4694
3824
684
2125
5894
829
4194
3262
3505
4641
5398
4358
5128
982
1958
3424
3015
5071
2446
5338
4751
2063
1949
1196
3260
3017
4624
1066
5288
3410
3503
2030
5889
5899
5104
2650
31
318
3845
3893
5234
3923
828
1166
3053
5566
3429
2367
4444
2894
47
873
303
5705
4616
4019
68
5375
5776
977
1911
5687
2224
995
5999
4555
4438
5661
3361
4920
1959
5289
3166
2639
2468
5595
687
1338
2260
2664
2883
1121
5154
1628
2320
1573
2584
5682
5243
1750
1488
4890
5752
4810
636
2788
1468
4546
2301
2988
4668
1418
2601
3936
2596
2688
448
3540
3672
4932
5857
697
419
5619
5329
3723
1286
5484
5241
2313
2070
3198
5508
79
5338
4267
3347
4669
5141
1239
2715
4266
2421
2101
915
2631
3751
2265
3989
1974
2541
2719
4805
1721
3451
4831
4250
3719
5626
2824
2606
4581
361
227
5067
1722
2023
2530
4385
3191
1453
918
2896
2585
657
5258
1601
3308
2362
4546
1560
973
1974
1678
723
1075
2628
2833
3244
1022
2335
5781
2553
1271
1778
2221
5791
1671
4001
2673
3796
156
5130
587
5544
1635
362
5164
2887
1375
3725
3857
545
3231
3553
3754
5613
2889
2297
5882
2329
1771
3108
4089
3534
2375
2649
373
110
2722
3807
5482
1748
4076
1374
5271
2624
2355
4349
3572
6
5552
2279
3362
2402
1088
2018
5729
707
