5194
7835
8064
9380
688
2625
6027
3061
366
3030
6578
1405
5784
4612
6354
4377
4964
5480
736
2427
7070
6487
6476
7760
7205
1483
716
4091
751
4771
6017
9362
3024
9249
5546
1837
5328
6692
1245
2439
2956
1112
496
5235
4148
7210
3557
3578
1575
8545
4903
1558
9527
4259
6457
9146
652
8927
9686
4692
5840
7412
6546
290
9637
5522
6311
3924
1438
7647
6527
7290
9622
4599
1459
9698
1803
8433
732
6602
9394
6139
4162
5897
8800
805
6174
6407
4741
7087
4659
731
3424
7646
4645
8975
4604
8586
6729
798
1911
4859
3857
686
255
1131
7767
5380
7619
9622
8136
3003
6083
4109
3351
561
3529
8434
1675
245
3172
8641
5562
5221
2781
136
9867
2450
9257
5206
6817
3487
7103
1603
6699
4176
1227
9958
3471
703
5535
6312
8747
2540
8785
6210
5942
2502
8316
8470
8754
333
411
8
4624
9036
3324
7901
4312
2510
5253
1256
3339
8939
4955
3391
9651
6895
7081
4330
4595
98
7812
4685
1048
2414
8939
4626
3389
6804
101
5822
8856
671
9626
9992
8844
5335
4104
5023
1665
9195
5642
8483
5400
2572
3628
8802
608
7176
4719
6390
7854
4683
789
523
4308
7005
9593
2983
6971
5479
7041
6071
7486
7452
3126
924
4960
6487
5807
1852
8725
6785
8426
3774
2541
3323
6620
2813
5415
6661
94
4567
1879
5434
3129
670
6366
109
5223
1872
2140
8774
9887
5045
5120
9421
5302
2304
6925
3491
5263
2710
9442
2276
2630
925
5334
1193
400
2626
5028
6913
7394
3469
933
8856
6576
6979
3915
9672
4042
6860
5365
8960
5858
905
611
736
8067
6946
5870
7906
2441
6098
1447
6374
6860
4908
8482
7302
4534
6001
5174
8526
740
6275
1138
5165
9202
2773
5284
5030
2816
9015
3477
6638
5022
8718
7096
6330
8792
9618
2582
6269
9956
7398
5089
6978
371
8637
6408
6430
4309
2087
8505
2738
8367
9627
9186
8952
1163
1796
5721
6640
4180
7917
5520
9536
9168
7545
407
9774
750
8183
2469
7022
5069
4082
4962
5164
6632
2241
1359
2076
5864
4747
9258
5542
9318
1024
3571
2364
2952
9672
5179
8324
6453
7182
7088
3805
3188
12
9978
3634
6053
7249
3037
9935
4190
3413
3945
3679
9388
4824
3992
3995
3811
8395
415
4295
2633
8713
8300
776
6146
7856
8596
1996
5948
2472
7179
7821
8951
4399
2252
2338
1091
4302
3853
8030
9877
2653
9733
7919
1227
8738
6478
8258
1370
6318
3359
6832
9039
4084
9120
963
6660
93
8678
4906
1792
2019
7535
8483
1682
9213
6592
7532
4472
8355
9022
2003
341
1768
3866
9419
4642
6349
8095
9792
2989
1516
33
3078
5136
6558
2236
1775
501
1371
1186
9373
3237
9641
4491
12
8834
273
3685
5945
7463
1089
2155
7152
1448
8630
3269
1841
5597
9304
3321
7435
9474
21
7598
9156
90
985
5534
7312
2019
9374
2716
5021
9475
256
3320
5249
1473
288
6454
9748
6928
495
3840
2798
1218
6726
4279
9457
9592
300
2433
1482
5617
6738
5590
4001
4821
7533
2296
2595
4658
8441
981
3518
1953
7904
5077
9454
8148
937
3467
9418
765
7017
1613
4206
6832
5361
9184
8137
226
7348
4602
3733
319
3765
5583
8470
3695
4083
7429
1743
4206
6019
7600
5808
9189
6263
5946
6605
1270
7448
4839
9095
5851
2194
2429
7016
4127
2364
5251
8835
260
547
3487
45
9222
1231
3339
6955
8708
1118
6178
8645
4552
1621
3373
1851
4082
1667
9087
8199
5992
5680
647
4449
8478
9803
7630
4162
9604
9290
6263
3577
5187
1345
5334
5376
9831
621
3475
1490
6181
9120
5352
135
5936
8273
6073
2858
3730
8623
8979
4546
1581
1705
1835
3035
7291
9503
421
5293
4928
9132
6550
3943
9291
4311
9568
1341
9146
610
6615
8371
5946
8459
7042
1663
5697
6481
720
6028
1745
7826
8269
8572
5298
3881
3622
7162
8732
2974
5836
8706
3930
6517
7521
2058
4213
1400
1892
6251
3785
5390
9051
7256
3037
1788
4843
5473
1532
675
2374
1783
3065
6683
7112
2117
8775
7441
1412
9245
4974
2564
3210
5760
2106
419
6704
4076
16
8723
9879
7673
2611
5500
4899
2785
1878
8933
2575
1274
7240
8170
1409
3506
1270
2326
5026
4732
6891
1565
9201
9675
4367
2427
1150
7806
8624
9360
9268
6167
8751
5810
1072
7469
1863
1160
761
8690
2977
4290
5500
9414
982
621
1302
9774
8395
7128
5227
4981
9149
8967
484
7175
4369
2171
5008
5609
824
9114
2069
3003
517
7384
3577
9352
2778
8095
2880
4400
2107
6711
4049
6554
6026
7977
8916
9100
7246
6725
1482
4235
3552
7970
1666
1664
6995
2995
6847
1270
1218
2918
170
8743
2031
7623
9157
8930
1721
5871
6799
4163
2004
1903
36
3845
4004
4935
7279
7164
6215
532
7454
2977
2984
7088
7968
9616
6749
6335
7914
2655
6994
4169
5887
523
7687
6933
8834
6256
2811
8721
9519
8646
6551
7318
5386
7595
661
9895
872
6552
6592
4759
8544
9595
4081
2106
1835
1923
1065
5004
3613
312
2018
1636
313
4440
3125
1208
978
880
3048
8878
4157
9056
7472
9543
3348
2450
4109
6419
3410
8991
2381
7930
6240
1685
8614
5661
3848
4256
3250
6840
971
6900
1334
7160
7353
4035
1292
3606
1904
9394
9939
2401
7107
3745
3515
4198
2221
7062
5576
7182
8125
89
2615
8901
4962
9848
7360
9320
6127
9927
7921
842
8614
9111
8168
5864
262
1287
1010
8810
8974
5482
1629
7511
7694
7323
2147
8324
1573
2269
2662
427
549
6564
6169
7376
1408
3988
6483
8162
8241
5250
8942
5815
9233
2093
3431
8852
672
93
8036
9799
6182
2469
9521
5415
334
2271
3744
5276
962
1762
5087
8924
3800
5987
9076
6925
6396
2114
6411
7857
5618
7399
9869
1515
4557
6377
7717
8420
129
2255
8631
7116
2259
8371
3410
3641
9194
3051
8273
2120
1156
5264
2946
1421
6359
9017
4339
504
9216
1635
3211
4246
452
4775
6883
2288
2824
7295
5809
5759
4125
5972
5622
632
1265
3440
9106
1865
5347
2717
4492
9520
7855
4201
7457
6600
2362
4134
4248
8469
4472
3161
2467
5423
5112
9863
4236
3214
8750
6910
3676
1156
8631
6817
6965
3817
5683
219
8559
241
6431
2026
1630
4133
7910
9878
4221
9533
4375
4880
5195
9095
1428
6801
5657
6312
8046
4597
2185
8753
6003
8438
7982
6707
9131
1232
6813
508
2019
6084
2493
233
8812
1052
3583
3502
8045
4151
8962
638
8682
9592
4985
1596
5852
964
9028
5749
2197
8218
7435
3879
2167
3168
8081
1515
2155
2509
9079
4172
8894
8298
5527
7945
2233
3294
5600
3449
6078
2600
5792
7132
3067
3639
2652
1637
4368
3654
4976
6062
5903
7635
6077
7731
6223
9891
525
9399
9311
9279
3499
9679
7640
1559
3802
9949
6980
2288
3472
7964
4640
207
7950
6986
7095
4159
777
9357
1292
6271
5922
5150
6310
290
9027
9754
8509
6822
6060
9098
3819
6495
4198
7566
5398
8044
5112
1617
3538
722
5226
1604
7397
9525
1067
5383
4900
7295
296
9885
7987
9911
689
1065
5281
9518
9967
8336
3199
6022
9132
6975
9546
8925
755
808
712
9966
1526
7950
4747
2040
5309
4379
7772
1355
8906
3668
465
7932
7819
6357
4703
4163
3376
9090
7800
2404
5783
1957
3268
324
9890
2224
2535
7129
1764
4080
1626
4616
4521
6909
464
4562
1280
9147
161
7919
1622
810
5404
1931
5444
5431
4926
8409
4740
1321
2884
150
9504
2829
7966
2758
8681
4574
5043
5954
904
5530
6277
1914
2602
5244
4718
8088
3000
1510
3659
8533
6511
7350
9247
869
3070
5310
2219
5620
6070
8746
6989
936
5745
3039
2787
8469
3063
4495
2072
5516
5499
1044
5994
4460
1434
6825
5369
3015
4320
2200
8279
7782
1262
1861
2225
9272
3211
6257
9575
8659
5562
5823
9920
5277
8641
3191
1942
9150
7295
5900
399
4685
7583
1015
892
79
6468
3471
6268
1943
7271
1979
3670
6192
9710
9900
549
4353
8315
3610
1255
9078
7202
7566
3236
3887
2292
3548
3327
9955
4347
1354
117
7075
7467
9609
7967
6873
8065
8282
1911
3790
8755
9023
343
3406
85
5465
4198
8248
571
3304
7139
8415
2136
9117
1163
8042
3698
7677
5994
8934
402
9779
8659
9530
9802
6532
1694
768
9128
1467
4603
404
9731
8824
3386
3858
5768
4951
7197
2753
4230
9886
9570
1996
2553
7835
3997
2437
8200
8590
124
8947
1851
6654
7340
3105
2141
1301
7119
5563
5224
8675
4113
5671
6908
6574
8688
4944
8542
3602
403
6558
417
7033
2699
5232
8058
7868
4018
551
7421
7385
9495
2096
4804
6726
382
6561
6007
8
5460
5480
7214
1826
9829
7128
6933
2064
1661
7698
4340
4468
6791
4987
4445
569
4332
2418
4548
7238
3892
2509
9704
4391
6455
6641
7084
9213
6454
2342
457
4591
2198
213
6381
2439
5424
74
3078
7073
8456
9966
1503
9859
9232
2230
5628
3986
274
8031
5595
7419
7584
5438
3052
2812
9392
6430
2733
5508
2701
5070
8144
4596
7674
2474
2051
7462
6006
4183
4434
5262
9688
2078
1526
5302
777
6083
9601
6456
1177
533
6317
5418
3763
6335
564
4864
2701
2821
9017
9384
1280
2525
3885
1451
186
8045
1727
7607
7784
2613
7599
4566
6654
5025
2316
5995
7445
5184
3127
3352
1884
8662
9756
8356
1713
7423
8382
423
9263
9106
5919
9702
8389
9134
5721
5231
1584
8324
3712
8173
218
3619
866
2086
58
1130
3938
5761
3502
8746
1418
9266
3275
240
5757
545
9738
4016
6122
8165
5406
7431
8150
5612
5805
1957
8486
3923
5365
5378
2238
2380
684
4663
911
1484
1224
7222
6872
8505
9242
8797
7946
3525
6614
3464
2346
3071
6075
4877
9821
9209
8384
8227
9647
4261
4916
9174
9870
5198
7269
9486
5091
7200
1629
9027
1987
2872
5824
311
2761
2167
1278
4915
6757
8209
391
709
9601
5873
2295
5084
7370
3261
6343
2127
573
998
3252
1069
8979
675
8376
9194
3738
1685
230
4922
7612
5208
97
5762
7666
5179
5316
1463
7288
8669
9673
4828
6035
2322
9220
1385
6458
7252
792
4396
6823
2076
3519
3520
7407
2692
699
3859
5956
7795
551
7101
4755
1186
9566
7967
7816
5420
1447
7328
1680
6544
7946
7946
7471
6304
5322
65
5010
6487
1575
1848
2024
9862
5134
3981
2797
3568
5283
8702
957
3736
8203
970
529
4631
263
3522
7861
1669
1922
8156
4591
5280
1460
2762
8417
1797
7640
7305
4123
8285
4341
2276
2036
538
8257
9972
4902
7379
2798
2350
7017
9779
7503
9200
1381
389
2448
6896
1623
7561
1441
1087
5514
8145
6080
6350
5947
4953
5182
2042
3514
8117
517
6372
1957
4307
323
64
4156
4216
6637
6894
1601
6601
1127
837
4777
6720
6829
8610
5350
8046
9935
1993
3587
8749
6626
6453
6074
8677
4834
1335
9449
8256
9773
2153
5622
8100
5078
7365
2734
6962
8508
432
3988
6106
2275
2914
3396
194
3285
5908
3463
8336
7847
5214
4912
4061
8719
283
2629
9707
9772
8219
5192
8915
4999
1883
7604
778
4109
5506
8115
551
6535
2117
406
4761
9324
4562
1819
3080
2083
5931
6815
5368
3918
5795
2367
9925
3132
5825
8637
8197
367
2074
3936
1892
9774
1499
7721
841
880
7129
9154
3742
5848
9710
1648
9424
2989
3622
5716
3237
7604
1391
3439
1753
5467
4220
7920
9080
2630
5627
195
9790
7591
1480
4250
6709
8331
2533
8033
6628
7264
4871
4637
3383
1685
9626
3207
5674
5982
5756
3535
6513
4557
8746
1797
2238
1178
3652
7444
1676
1320
3107
2849
209
8933
9583
8013
9259
8039
6535
2347
9027
2575
4852
4353
1179
4981
9482
7902
8642
5166
6058
697
1631
6706
8872
6540
2653
6380
9666
8033
8291
6491
1347
470
2325
6797
1953
856
2945
4361
2000
8216
6676
5104
2661
2654
2963
469
3151
1000
6338
6217
3166
6278
7585
8086
237
6752
1371
833
2485
7814
5451
2966
4393
6630
5746
9420
6948
5100
2325
8336
3790
1444
3673
6149
1843
4521
458
7273
8304
7849
5486
781
5872
2205
3533
6729
4577
6705
3263
9008
1721
8262
3646
9945
1055
8482
8893
4273
8573
5197
9254
6540
5058
3086
9776
6552
4882
4128
5548
2004
6463
4000
9851
6132
2235
4941
1186
877
5068
9114
6152
2874
3606
9018
7846
350
1205
3136
3583
3971
1843
5670
1525
3565
1669
8952
3111
5727
6694
5908
7045
4357
5548
7838
1069
7332
1191
9675
9705
7711
6999
883
9767
7176
731
5196
522
2672
4574
6531
2103
4686
645
1549
4013
6984
9132
1606
5374
3198
605
8114
9959
5205
4927
5706
1977
1884
6667
7015
3091
4566
948
1361
7201
7225
4282
7206
7161
5316
2055
4822
6799
7047
8095
1315
2319
4824
2012
4870
9542
2632
6844
8888
7259
7195
2967
9535
2445
6899
4186
2173
79
2653
8455
3095
8863
9174
8777
3063
4286
3445
9497
8246
2147
9554
9406
2334
8908
5536
5866
826
72
8367
3526
4821
4148
7846
7076
6967
7705
8744
9987
6658
6527
3282
194
5077
8934
2808
9300
3201
9969
8331
4008
7508
9341
4486
7242
8802
1758
468
1656
9316
5609
4452
139
2023
4825
5142
6260
3985
9180
5208
2629
2461
315
6579
6651
8500
4326
6822
1239
7793
6855
9194
2752
2650
3367
6307
9585
2182
5495
8832
2682
9947
4192
6175
3531
9679
1758
5627
6164
39
7814
158
7107
8750
8732
2710
1293
5010
6130
6606
2524
6558
7673
7553
4245
4436
2586
2573
96
4143
5045
5177
4000
6590
954
4100
6397
6123
7444
5004
6629
5672
9906
695
1460
1056
8369
5600
6245
7455
3575
4529
8359
1081
3260
4069
2161
8223
814
7345
972
1999
1766
9358
4346
4385
8336
596
8261
7396
8685
1230
1733
2649
5435
6814
5885
2962
7516
9154
463
3139
485
2722
8463
9626
3072
7891
1624
339
1902
7094
8310
6651
2099
9011
565
9239
8782
8876
8968
8312
3350
107
2347
6583
8893
3563
4346
295
1050
5977
408
9576
4230
8359
6803
4450
8207
8503
8009
6962
6815
9109
9971
3024
8707
4516
4527
9833
9951
4524
4667
6023
9644
3387
1176
2061
2613
5700
8689
7814
7830
8597
3220
2736
7184
1444
3831
1616
6920
67
8243
5496
3214
2405
5936
3008
4116
6477
2558
2118
2421
9532
6299
6085
7876
9356
316
271
2603
4852
5247
8399
587
3184
2390
7804
677
5092
1222
3311
2641
8273
4600
8447
7533
1135
1172
895
6863
5686
7360
6322
9891
8832
581
1018
4726
5940
1296
9133
6870
9170
3959
4741
8320
5768
5935
2426
1455
8310
9109
2658
4493
9679
1004
9801
9562
491
990
1322
132
5594
2435
6449
1889
9330
3494
1375
14
6296
7633
5918
6256
5494
9975
3531
1188
967
7075
2466
631
1284
5819
1030
309
3564
1823
3901
9527
5121
8907
9708
2901
7286
9011
2284
8976
1439
6271
9304
5966
6906
9873
2384
7765
4003
7771
2151
7898
3200
7400
253
5140
3163
109
7866
2149
6265
3173
6822
7668
30
7011
5194
3584
6949
5462
3891
453
3110
3880
4614
8981
8176
3149
2396
393
5381
7758
7861
5604
412
2552
5337
1696
2336
5905
2985
4319
8030
6714
252
6320
3991
8816
6083
6173
5841
9237
8617
4561
6369
6011
3338
3901
7533
7223
2055
3461
469
5397
9492
2297
294
390
7738
3248
9222
9534
1401
3888
2361
5946
7865
4495
5454
4629
7779
8877
2765
1279
595
1193
6349
565
8797
777
5015
9037
2328
7440
2426
2805
1631
1694
9003
1672
3702
7932
1549
9466
634
3706
7859
5016
4199
4957
953
9407
3226
5273
9037
2951
2744
7093
2818
9637
5166
4136
1371
7762
4171
7285
1388
2871
1313
638
2383
3224
3947
527
2139
8545
530
7920
2571
7
6035
3810
6014
3123
5849
7941
5959
5460
1271
3564
4223
8005
3540
4751
8657
2347
6156
8265
1625
5864
7212
8983
9686
3615
4421
6412
9192
8727
5571
9994
833
2746
6270
2570
8564
3621
4989
4609
4789
1780
2676
6675
4211
4113
494
3905
3329
1567
4602
4291
1198
8547
1326
1992
9792
1330
9548
8019
9065
8317
9693
3225
2620
7095
300
2749
4839
1985
3851
6797
9210
1078
3250
9960
673
3562
9150
162
1841
6574
6197
8747
4118
5787
3171
5227
9932
5445
7988
3789
1560
1708
3596
3758
5390
7755
4889
2937
7793
393
9935
956
303
5633
1078
9629
7268
5091
2742
8632
8739
5943
3130
7820
5009
4665
6468
1941
6903
8803
879
9626
7707
1610
4564
6111
8427
1562
9553
8377
8003
2483
7978
2117
4017
267
544
2271
7463
9070
679
2742
7258
3221
711
6332
6256
1092
8332
2975
798
3683
2597
2856
42
3793
8773
1186
9689
1288
433
3050
7082
6213
5398
25
1137
4261
9328
5060
1064
8478
7111
8498
2417
6978
7507
6067
7673
8913
964
9143
1216
9975
4004
8674
5398
4321
6111
6786
5157
1940
6675
4252
3583
9223
225
7790
9761
5784
7911
8455
3247
2396
1992
1257
6617
3356
7960
6603
8657
1526
5838
6132
5992
5858
8202
9109
179
9289
7491
640
673
9553
9301
9674
1410
6694
1548
3023
265
8817
1578
1414
6096
1992
4647
4996
7731
1114
7520
8640
2846
5988
391
1889
2411
970
8783
4471
8153
7057
4663
5912
6292
2499
2595
6985
725
1711
2452
1482
2774
2572
4918
9092
2629
9005
9831
4074
9706
9181
270
9834
5276
9628
7213
6520
934
2081
581
7312
728
2990
2531
9224
3126
5277
7971
5909
1355
8127
5455
3214
7136
3422
8824
3047
3340
6732
6299
7503
5655
6702
9053
3124
2044
9159
5738
4674
1412
1269
2927
8874
9737
6691
3967
1171
2689
4815
357
2807
8703
5917
450
1198
5392
9321
0
3949
5224
3516
7870
5716
3454
5589
8098
7562
2461
2288
6428
444
1816
6596
5398
8053
2724
1739
7125
9340
8743
9271
7066
7755
2154
9049
5145
2486
6743
6729
2959
6780
3317
8733
6986
9833
3839
5568
8148
1643
3712
1830
7470
4752
9449
5276
6067
2847
722
7926
5256
3827
1644
9327
9177
4127
5985
5836
8000
1846
5025
34
4527
8544
4724
1274
784
3431
996
1730
4089
9139
8018
2316
3959
5249
4671
9354
2263
4315
8543
5990
9022
5255
5187
1993
5413
671
2771
1804
3669
7908
8679
3479
842
8469
5155
534
9656
6808
5666
4578
5072
7424
2286
9105
9591
8702
7119
3876
3812
3029
7554
4857
1309
5290
5953
6903
8512
6095
9295
5049
938
1800
3218
5583
6862
710
7958
9902
8312
3754
732
2574
7143
8305
275
9997
852
5889
4428
7565
8799
8032
965
1371
4545
9661
5154
5112
4110
6142
4954
4104
3163
8296
6202
6069
8358
9561
5650
2739
9350
815
9320
7194
8372
1355
7251
9344
3706
8990
3451
5997
1814
8291
1611
2535
512
3676
2977
400
2115
3170
2672
8292
1214
9459
4709
5281
6427
7152
3955
873
9314
9064
5392
470
6475
9741
7144
4659
2785
1482
3981
7269
4704
6653
2236
246
2659
239
5434
3066
585
8237
2301
594
8910
777
5300
6114
4482
3660
8332
5578
7264
8368
6843
5043
8945
8555
2208
5732
3080
530
4968
178
9828
6302
8273
8529
922
371
3702
6229
2105
5675
6536
3009
960
9814
6497
8435
7764
13
3009
1066
5837
4154
1097
6711
5677
5640
5179
6234
4130
1880
3245
4892
5808
9709
3130
3279
9031
6221
5975
4628
2661
174
9320
4413
3403
7346
3749
6007
5339
3091
2521
470
4814
6676
3201
9476
4096
4928
3934
7837
6708
7251
4746
6125
5779
91
5974
4489
4331
6593
1804
5917
3023
6362
6751
923
6546
1008
6903
5914
4599
3437
5737
4332
7179
2786
6423
3096
6782
2262
8647
6819
2016
4227
8226
8812
8142
5366
2012
994
92
4952
8945
4467
2616
884
493
8757
407
1433
178
484
8268
5458
2398
1587
7693
199
5345
3130
1602
3733
1447
3177
3370
8653
1482
6280
9818
4608
5275
7705
326
9954
2708
7666
5900
6979
3684
9594
2650
899
4631
1711
3901
131
2145
3054
3949
4261
1462
3492
4328
6502
8580
2239
392
9523
77
923
1997
6999
3902
5342
7101
8453
7795
4714
1246
1568
9340
8440
9025
4465
3132
8184
5886
210
6059
7417
9941
7216
1274
1494
3773
2140
5065
8776
5699
6375
8553
7377
8391
3289
7920
2674
354
1025
2654
7923
2315
4826
1270
3983
6311
3622
7831
4504
9948
7927
688
9713
2128
9975
6886
5399
9415
2450
1849
3613
4090
9184
4163
8192
5988
9745
9532
1256
206
9983
6319
6517
1930
2267
7478
1459
7754
2427
133
3213
148
5201
4585
2322
8000
6383
9099
4467
1520
7800
5470
2736
4239
754
3079
2008
8298
4614
5898
2661
1780
9895
7758
2933
8460
9321
6075
8012
1002
6152
3163
9218
8388
6342
7336
8447
7137
9985
3008
1507
3774
7953
215
8910
2884
1610
9124
4227
1114
7071
4416
8222
2509
602
7720
1612
4689
8417
3685
555
8552
2424
6743
6710
6410
3255
1098
8106
4781
3298
6101
7924
8408
5399
2775
5787
1512
7390
4986
187
755
8677
511
1261
1955
2736
3075
309
9202
8561
6356
6131
684
4868
4858
8591
302
3147
4631
6614
7894
9573
8847
1266
3825
1180
9403
4518
5556
8740
5939
836
4825
7334
7909
1834
4124
5735
3669
3880
252
7418
2964
4775
902
9248
5628
8400
7494
8729
9830
5574
3725
7065
7799
5277
4727
3227
5576
2863
6077
3706
6068
908
5459
3740
1431
3961
2276
8364
1660
591
2145
5888
1126
4876
3874
2111
3780
4733
6265
923
757
6357
878
5803
1186
2442
4742
7182
8153
6803
3958
2623
6984
9593
5080
344
2267
5364
6245
1730
3371
911
4114
5191
5604
1037
5869
1933
5617
8167
7745
4070
5179
6095
2868
6853
7010
9038
1551
9736
27
4653
6593
5513
9049
3712
4648
2801
5766
9703
2248
4802
3632
8812
1694
6445
9215
4436
7702
2753
6490
688
413
3628
8595
6163
4195
4088
3639
2682
4514
4455
7292
3671
7074
1973
5096
3395
4412
3927
1714
1316
5204
2426
2626
5567
604
2746
6242
5689
168
325
769
7611
7101
6384
776
3167
8899
8458
2909
2380
4799
109
8893
9171
5883
3571
6649
247
7165
155
7120
2448
3546
5845
5237
6053
3117
3746
8335
210
1981
753
4310
2002
4498
3155
4791
2430
1634
4752
5711
1076
8008
1504
8790
6133
5081
8736
2641
8029
3991
488
1501
2996
6536
5712
2891
7544
6943
2738
2926
6074
221
1640
9431
1609
5148
3996
8545
3977
1226
871
96
702
9303
2813
615
3315
4996
152
641
5830
2520
7956
4659
2737
4079
7616
7908
1013
6603
6232
4136
4375
3263
5724
2379
8278
1957
5901
8814
1023
6737
9591
1862
9723
1032
3403
4828
9865
3415
4650
568
3736
7682
3572
6971
6070
9040
91
341
4933
7308
6036
6181
2092
6226
7027
3304
9883
5189
3011
7770
962
6036
2835
7657
3190
2862
6170
8377
4430
7269
5602
917
1011
4954
2782
2168
9252
2054
5137
7330
1571
1333
3837
9279
7445
8904
9494
8724
4745
1972
9321
2022
8845
6855
8437
568
5287
4397
8361
6855
6772
6829
7810
7477
6767
6115
4427
2620
130
8844
1239
4937
5788
6897
8281
8063
7761
6213
8134
6504
8558
8301
3880
4148
3375
361
9411
8224
4380
312
4915
9162
1873
2390
4903
4551
3137
7497
2193
7118
382
34
8883
2502
6342
9536
4552
2486
9834
1126
2667
3317
3815
3534
8499
6725
5390
7214
5719
3385
565
7978
4282
4655
6551
3461
9227
8680
952
740
8568
1160
251
3465
8574
9481
9682
5986
6451
1230
2783
113
3663
4624
1726
7401
7957
8864
8848
6137
8537
7041
5719
7587
6760
2817
8570
459
4238
4859
7910
6037
1297
9729
5783
9005
1353
4798
6248
553
982
7615
3419
1082
1188
7138
6650
9501
2705
5243
4314
4976
7026
4009
6046
4781
5325
5407
8251
8892
9395
5263
9257
7895
2337
2582
8560
5870
1814
8685
9271
3997
5422
8002
4102
3815
5942
3798
3009
1308
4069
7642
4949
4268
7595
1024
7130
5778
8957
1119
2584
6053
7552
463
953
3378
9311
2028
7941
2434
3624
7032
6072
4901
6913
2712
3104
2913
2906
1239
4722
668
1958
8974
4993
3303
5671
7342
1477
5000
8473
2746
1839
208
4850
3151
5352
2865
9467
3217
5794
8544
7539
8230
1860
3556
4532
9421
7470
3230
7480
9762
7120
8804
5070
9816
751
8689
9968
7826
8573
5199
4857
6832
8676
2286
3112
4354
9372
3302
6126
6916
3735
336
1921
2518
6029
8333
3875
9080
8380
7816
4132
5806
1376
9820
3593
7450
4084
5418
9251
8552
7422
84
90
5832
9759
68
4733
2165
5170
3948
7644
4799
2864
7548
5756
3829
961
4561
4140
4316
9009
8355
7533
6918
1426
2699
4412
7388
8390
428
1608
4896
1607
9447
479
2771
9866
4875
74
2953
3317
4634
8864
7227
6000
3335
4174
4134
3322
5904
7701
341
4889
8104
6207
9222
3394
5805
8816
7408
7093
8669
6213
2137
6826
6795
2487
8404
8498
760
7355
5092
8470
6512
5071
3531
2418
6582
6461
290
7860
8238
2193
8363
6770
7335
8666
7394
7513
3890
2700
4090
4629
1667
7596
8545
953
9468
1065
869
8995
6197
5043
5175
7546
5306
8447
4795
5087
6724
6583
3384
3707
6028
5091
1493
5984
1270
2060
7129
2554
7589
9273
1844
9932
8590
2410
985
6578
1275
481
7849
144
8269
6754
6740
399
7065
7028
9140
404
1050
6199
579
3175
1207
787
3152
2302
524
3314
111
2745
5426
4260
4450
2422
9808
8702
3006
6060
7615
7649
1231
291
9358
8636
1489
2988
6414
6155
9510
429
4530
181
9461
3057
4549
176
7981
4297
4045
2773
1488
7197
8319
3610
9082
486
2964
7673
5440
9073
3107
7961
4262
3954
6335
9265
3007
3057
7308
2436
3948
7627
2120
4631
4881
8422
9547
2729
5246
2207
4550
346
9840
1828
6572
3699
2851
2473
1532
7953
9498
2659
1715
3616
1206
929
2249
2042
2985
8303
6284
192
8387
2100
3579
7396
8308
8920
8793
1079
4751
3295
6467
4145
9648
3785
9389
4036
1832
172
5885
2365
2362
3774
9375
4448
9507
7911
517
77
9939
7056
8209
419
1928
1322
786
1091
9664
7575
2853
8098
5242
9709
6374
1629
6268
8372
6867
2467
2598
4802
6862
7191
5287
4335
9127
1263
4442
2594
1614
3589
431
1448
4536
2242
4624
2380
7551
8611
1682
2088
1641
6478
5319
8847
5938
3249
3400
8467
4502
2883
6255
5501
1824
3946
4190
8774
8731
1659
6282
291
2259
9796
2793
3087
4055
6868
7768
6707
1933
1153
6741
8631
8301
811
6840
6213
7356
8587
3059
6454
190
5421
4974
307
3228
3638
2751
4083
808
8366
9952
3041
7109
5306
3342
1234
6143
4042
6669
7317
1050
8731
6218
8152
5581
2168
831
784
1292
5001
8047
8641
3729
9173
1025
9647
9685
3540
8006
2363
5454
69
7183
1223
2946
1011
5103
3476
6519
1001
5938
8548
8398
3193
2331
5169
4712
5181
5896
2867
7318
8766
6919
2183
8822
7388
8309
2323
9528
6456
8441
5874
5375
4741
1176
7664
5367
9480
9034
8897
5495
3933
7275
8289
3663
3741
2487
9071
6782
7622
9124
4464
6852
8718
1462
4512
7576
5177
6391
4000
6874
2490
4593
4584
3511
5473
3760
4252
7973
4851
7739
3754
8726
1927
9747
2725
5034
4948
6124
7917
6614
2485
9495
2128
8600
2395
6656
5256
7506
9723
7037
8189
190
3312
2142
6215
3165
8803
5045
1050
4058
5225
1695
9651
463
3432
2572
3567
4021
7273
4062
4732
9145
2560
3791
2332
6493
4681
3153
663
1040
2979
3240
9736
3357
8927
7505
8798
627
5548
5586
7902
801
7554
7969
4213
9308
5209
406
7791
2769
82
343
6310
8300
7521
5004
9321
130
8949
2242
527
7515
6879
762
808
9234
6940
5937
5714
302
4132
1039
8550
5953
5040
1442
4257
6459
3789
1122
9876
3867
7164
6580
4510
8373
3502
3243
5483
7712
701
3323
7609
7681
1038
2160
9377
5724
4328
2123
3249
2338
6419
9317
7239
7027
7023
8525
1472
6471
9424
6094
6535
2672
4748
8804
55
7899
5176
9142
4203
1484
3713
3877
9565
707
2963
3321
210
4336
1702
3272
640
2754
6037
253
7834
2987
1376
3386
585
500
2549
2984
3959
2113
2022
6804
8834
6034
337
9769
5227
5678
8677
1935
3365
3676
751
2499
8352
1253
80
4718
2624
6062
9216
7755
5429
8439
9394
6664
40
2060
2730
1019
7546
15
4150
5981
696
1430
6982
7036
2524
6947
4343
1052
2221
3594
8301
1843
5114
891
152
8013
4488
399
8113
4462
459
319
3193
6694
5172
5270
121
8778
4141
8905
7787
1686
751
3616
2886
8604
4646
7307
1162
7774
5007
1886
3013
1434
6561
1970
4046
1519
9615
5153
6642
8908
5309
7083
5595
3228
3877
5614
9422
4476
6772
8333
9103
6069
3169
6870
7685
1291
7592
9577
7428
1610
8185
1401
6000
5815
4493
6073
9598
3512
9538
1089
8808
5176
3429
397
2527
3651
4790
3183
6331
8746
1887
9683
4293
7427
7481
6598
7458
6983
165
5316
7922
7506
231
5915
4785
3028
9938
8713
7120
7769
6484
2973
9532
5057
942
9326
7910
1709
7956
8435
6502
9919
9088
3489
2601
2044
7373
8213
1803
1043
1836
5266
5053
810
8554
2131
8513
6143
9133
2899
8665
1671
8424
4706
7984
2710
757
7021
1051
8722
8005
443
6994
1813
3370
9249
1832
8544
1988
8509
3420
3214
3105
2288
2501
4747
8924
4179
5651
7295
2013
5195
9796
6792
6622
6946
3415
1816
9182
9915
6539
7312
9826
7649
235
4013
9855
7738
6375
4728
9725
9537
191
1032
8363
6805
1362
388
7391
624
4197
4213
3197
4291
3855
2000
5686
7234
3481
5241
5030
9403
6635
7617
6740
1113
469
4654
1029
5824
7715
6929
4538
4987
9757
5731
1252
4737
8785
9120
4716
3961
4382
9260
5473
2064
8729
9051
6115
2625
5080
7193
1237
6042
6166
6016
1175
267
2716
5705
6480
3783
7457
1849
4730
9061
6601
655
2527
7945
9121
7620
3287
2622
3879
957
5787
7142
6116
683
9346
4812
7677
7876
8968
6231
9915
6349
7839
1168
4225
752
5133
5112
2836
913
4261
7849
1630
2163
418
7167
7560
5320
6550
5477
5502
8025
3727
968
3295
1216
5305
7755
9136
654
4231
1406
2516
3637
9394
7249
8430
5281
9985
8845
4741
7106
6537
3211
4249
3036
3488
7459
6278
4384
927
8833
7417
5913
2510
6370
7394
9641
2456
7804
4051
1708
6989
9730
847
303
4629
2567
1404
9462
5344
4365
8231
4328
717
9148
6946
8391
6001
6135
3078
2175
243
5939
5845
5831
2468
8618
2156
5223
351
6331
4574
2189
2768
277
8920
4892
9135
7564
816
3431
6564
8722
5550
9230
505
682
2370
4083
5776
3204
2530
6225
2649
8988
264
6286
7034
8991
7207
5590
4674
4855
3747
2884
6772
9728
5276
3292
8480
7308
7382
5074
2280
6442
1647
5569
5454
5235
2914
7617
4552
4315
9619
1710
47
3616
1120
7115
1232
845
9823
7336
4795
2667
1331
1367
492
1554
2877
2456
3879
2256
8827
310
9147
1849
2194
1046
4764
6501
2790
1554
850
6188
5881
1415
9
5909
27
6017
2657
8174
9198
9109
3816
6959
2136
1664
817
7714
1497
6623
372
1496
6332
5875
9076
3873
4099
6658
3576
826
2614
9421
5333
4561
8051
8209
210
1899
2476
7583
4967
6672
3214
7213
1121
5452
6852
6406
1650
2833
2617
6034
7494
8505
3495
4604
8966
3368
8531
8538
1778
6086
6481
4118
8666
4625
9204
15
5342
9570
3035
4836
3865
7305
7705
3698
7425
1520
5378
1487
8010
904
6816
8158
2453
9400
7785
3213
2947
2923
6433
2305
5299
3061
1551
8826
1882
3967
2397
7278
6544
3359
3059
3260
5588
2368
8224
6963
2320
1818
2652
3229
2655
4466
3663
1413
5800
3689
4495
2587
7111
9181
6538
9909
9910
9314
125
417
9237
8005
6811
2940
3324
1158
895
7334
7895
4053
4316
4845
4329
6411
6984
8030
5184
6302
4112
1380
9605
7523
3197
557
6751
7650
5891
8972
7519
5567
4226
5359
3576
7931
6394
4906
7983
3815
4581
9563
3548
5513
6280
216
3450
1399
880
4531
3652
3624
5393
9533
8130
9447
6701
7188
6097
20
2863
4643
4978
4579
2680
8130
4194
1150
1005
1019
2537
7137
7060
2018
6301
4427
4440
9082
6209
4042
4380
8271
8681
4763
8403
4451
1004
8655
2506
2560
552
3974
2672
3934
5372
2521
694
2117
7192
4218
55
6528
8145
6392
3877
359
9390
9064
909
1177
3202
394
880
8842
72
8360
7603
5544
8895
5740
6757
7052
1427
5507
5395
2571
1825
2857
1939
3034
8348
8282
8650
4060
7029
3309
3389
377
6514
6845
3861
3056
9154
5419
5468
9553
5916
5054
3406
9274
1685
5946
699
4124
3180
3735
6493
4340
3796
2714
3127
4824
8470
7021
6234
6090
6899
5585
9469
7025
5321
5411
4296
3695
5459
5630
5752
9584
4204
1672
7071
7873
9143
4918
9633
5601
3150
8214
9823
2931
5877
1767
1093
8069
1259
7082
7732
9911
7877
8879
6710
5947
3401
6188
5307
2583
5233
4207
5190
8647
6939
7919
8098
563
4101
6958
4370
9459
3796
8754
3157
6282
9095
3610
2376
899
3674
1025
7190
5106
1922
1323
8131
7516
6765
447
3850
323
861
8627
8920
4141
6750
5566
4117
7280
8125
5775
5189
101
7429
7731
6200
3430
4706
9636
5295
2397
8790
2755
3920
3521
4751
516
5382
3366
836
7873
5010
1719
4047
792
2089
813
5999
140
3283
4895
9689
7736
8287
1148
3454
4902
1108
3850
501
5411
4535
8514
1159
5468
1142
1728
266
3030
1449
5424
3931
7625
8767
1380
8364
9655
687
2914
8393
5115
9167
5929
4853
7620
4740
718
8101
4721
5504
9307
9595
9556
8222
468
4674
2088
7128
6005
7475
6413
5858
7445
3254
1905
9267
1812
4300
6346
4873
8861
3101
8599
8150
9781
431
6867
1953
9209
6664
6155
7998
8197
1735
5119
7504
5660
2928
8205
8841
9801
9918
3687
2383
9042
3374
2020
6587
4015
6809
1801
4806
8390
1356
2525
9314
6443
9669
4333
7616
9585
8237
4992
6202
2397
7095
3454
8634
1078
2077
7518
8081
3708
7590
354
9248
2223
7218
6947
1005
576
5357
6887
8975
2219
5576
4341
6837
2724
416
9540
6164
157
2951
8662
7250
6605
2574
599
7548
9207
6198
9771
125
7931
1363
3896
1833
424
9555
4397
9764
1269
6477
5030
5033
4200
966
1198
4883
970
5800
8430
7726
9865
1709
3549
813
192
595
6149
6943
6436
5157
1193
4873
7262
9915
5775
7879
37
2982
4380
6343
1146
8809
7342
3120
5987
9638
6639
4995
284
7402
1615
9581
6066
8423
4806
4618
1543
407
4639
5863
3968
4962
7439
486
8545
9148
5941
5196
4451
6410
5268
2223
1136
657
248
1698
4184
7216
9791
5991
247
928
5127
118
4811
4751
8667
2466
4904
1879
9416
1771
1226
631
9030
9533
652
4113
9825
1862
578
6050
2364
1153
1140
32
5610
5881
9
1949
7052
6350
7138
4382
3677
5284
3633
7330
7264
4750
9730
1803
9017
5138
1762
1549
9290
7630
6952
3440
7851
8934
7891
8904
8959
5923
5627
7205
3361
8263
1452
6326
6281
9112
2658
8746
6399
7545
6828
7518
5943
1470
2527
2689
6048
6514
1665
9334
4785
4586
280
6251
7430
5650
9956
8743
9902
7625
1729
9754
6625
2248
7929
1182
3489
9264
5145
1143
5107
7337
3240
3625
3073
7753
1200
4070
8560
6116
473
8191
8267
8041
410
1595
7465
7133
8463
4600
7666
7423
9834
110
9346
7884
7446
2311
2027
3637
3300
524
5045
7024
6540
5654
2367
1869
1899
6291
3922
5902
4573
7783
4109
9615
4024
362
5354
4602
9764
1755
905
825
6689
5613
6416
188
6254
9579
4275
3296
2405
5830
8139
7352
8014
2533
7691
5752
8364
6819
5206
4157
3117
8583
6246
3544
7185
9716
6489
8068
3899
5220
5526
4442
988
1053
6303
9978
1007
8535
5832
8437
3045
6672
8750
6403
1845
1852
381
8011
3768
9033
56
2566
6427
9740
8614
7826
304
9
6263
1548
6137
5724
8249
5264
1473
3724
6174
7204
3420
4521
2208
5772
2326
6505
1925
1051
2895
2104
9059
9455
5068
3527
2070
5801
6902
9442
8091
7864
5614
4216
4565
763
1004
8205
2673
2421
7527
971
9525
6779
7431
9283
8008
8428
7601
8300
4148
918
6987
7416
1942
1105
9848
1910
4675
3597
2430
7773
9935
2607
7140
9847
2788
3347
8819
2789
7840
1455
2269
238
6309
6905
8852
83
8626
8337
2685
2717
6594
4827
3692
4786
1663
4715
5664
3100
7503
5332
2291
2077
5722
3193
3168
3382
3327
1553
4724
8281
9302
1086
8152
1619
5559
9906
7536
1314
4433
1129
6577
8782
882
9759
1610
3822
2583
5787
1890
2127
5272
7109
5571
4819
3790
4093
1219
7185
1585
7454
222
8150
2680
2479
5060
2906
517
5560
2026
8603
7467
3526
4686
7057
7321
2307
6152
8977
601
9091
4064
1432
9157
1336
2065
3946
2174
6750
5516
8936
470
652
7204
9018
9734
1012
898
7135
6264
6923
6723
5431
621
3231
2544
5318
5670
2633
9825
4285
5476
6680
735
4661
672
8803
5688
5747
4048
5727
6956
3549
7400
8480
4488
1640
6924
544
4693
2640
9841
8667
1534
2239
9333
1323
2031
6725
8383
918
5016
598
5638
8412
2807
2970
8045
3267
384
219
5662
7344
5582
7599
3805
8708
6850
4396
6476
183
2188
5598
2881
7902
4038
8040
5777
7151
95
498
6365
6323
9272
5319
5499
4961
5385
3820
5095
8529
8530
8922
6785
824
5554
6245
7130
4752
6556
9276
9946
3552
3936
5080
6732
7513
4141
4534
5550
5723
9974
5091
7224
8442
3086
4645
5275
3341
2121
2278
2607
8012
1850
5344
3642
1935
2617
2653
5331
3372
7397
366
4283
557
5900
596
89
1985
1236
2714
6864
7602
4913
3863
6020
1256
180
8297
3292
4918
2060
4813
2213
6846
4819
7762
4352
9132
4072
9921
3886
4882
1220
4831
398
1656
2544
2149
9114
5737
3857
1980
2234
1296
4389
3256
8519
9587
287
6761
807
5932
8985
5598
2768
6445
573
4604
6872
2200
1250
5501
5288
5855
6965
6410
4224
4626
2430
2781
70
3948
1842
1752
2666
8152
2829
3466
6946
8058
4434
1019
9321
514
3263
5305
9222
1589
9315
2308
9432
3397
4481
8127
1055
4325
2193
1391
279
3828
6317
3623
4444
5891
989
5577
4350
9748
831
1618
8235
2543
2727
4791
391
6200
6191
2409
4005
0
9227
5685
3479
1093
561
7234
6226
7495
7124
7108
7739
1980
7752
1441
6574
760
215
7746
7847
7786
8886
7439
4780
4125
4633
9269
7945
1952
6842
6984
896
4427
9875
781
9109
5921
2730
4884
6365
1941
1169
2919
8991
4419
6169
8689
3778
6004
1212
2400
9778
6486
3598
1432
7692
5548
1763
351
3101
8677
1408
6998
1406
7224
8118
236
3017
9408
3137
190
7064
6316
1960
3697
707
5871
2483
6054
8977
8152
609
5142
7016
7473
6403
5550
2544
178
3156
8381
1474
2237
5051
7120
3652
7429
6517
1146
8926
5128
7811
6239
5943
6559
6887
5817
7403
9720
7185
7508
5828
6145
4625
7155
3372
7176
4793
6372
7629
3450
3061
383
2997
8978
6244
13
3735
346
4243
5428
533
2340
4136
9517
7154
3595
7131
5637
7505
9772
942
7855
6346
7171
6235
1802
8789
6720
6034
771
4708
6830
1222
4800
4231
3736
3617
134
9615
9625
485
2676
6946
2128
816
1833
8382
3542
4194
491
1915
4527
7686
2781
1032
4985
4819
3749
1026
4312
3388
4095
2264
4267
5658
8726
3184
363
5305
32
7492
1838
357
5524
626
6050
351
4739
345
418
8934
2169
5073
3941
217
1399
1500
749
8327
566
9852
143
4833
836
1252
1148
7952
7646
6620
4740
795
9151
679
3567
3308
7511
7822
7275
4003
6460
8799
1344
3102
2909
8523
8702
8291
1304
5608
6357
7934
6847
3734
3772
4286
7804
3356
5754
1028
7671
9877
299
5266
5122
979
975
4029
3437
1513
4228
9271
1312
9040
4249
3368
3881
6974
1986
9223
6119
5076
265
5200
815
9023
4025
5318
9805
1732
3214
9437
274
9180
6033
6439
7570
2567
1895
5863
2226
6849
6732
9857
1631
2904
8077
7858
6170
6873
3736
979
5540
5623
5823
1726
3437
1651
1385
7383
7810
4270
1962
2140
9528
6459
7022
3922
4405
8359
401
6710
2291
9089
4652
8143
2193
8267
5488
5191
4268
7458
7423
7770
7893
9587
2104
1316
33
1314
2882
4530
9629
9338
2688
7792
1839
6657
7445
1057
626
8897
3896
7439
9388
4037
9034
155
7138
1053
8069
6003
2057
4333
9313
8152
5175
1055
7233
4629
4391
8162
9490
6630
3091
4038
9800
2523
8187
7550
6101
9262
9617
3720
2688
2793
6986
989
5752
3037
9398
9732
4035
6990
1297
5524
241
5619
606
3488
4220
6345
5373
1993
6018
3095
1708
4958
5372
225
8858
2058
4423
4879
6947
5244
2070
4799
9121
8166
1647
5023
2614
2321
8435
7433
2610
50
9870
1699
8680
9850
9289
4815
6031
3937
3502
9098
2860
1422
5602
5331
682
3064
6999
8522
6671
5138
6902
8676
5762
655
3174
7906
5567
5890
5855
8237
8969
8982
3465
1550
7710
5234
2704
4226
5214
648
4097
4293
8458
1242
9768
8099
6770
721
4588
6917
123
3200
8688
1243
669
851
7538
2007
9095
8558
5627
3463
1682
9013
1159
2055
4879
1991
2106
9257
1685
997
8473
4038
8125
8973
1683
2398
8750
2273
9637
7254
7221
8738
5162
1825
1757
1392
6343
3650
5525
4001
9534
4357
8879
8518
9719
2419
3789
7351
8339
2235
727
5252
5700
3113
4868
6663
3648
5989
1502
4369
4300
4027
263
4440
2360
5666
3957
605
1729
5127
587
8451
2010
5891
6501
6119
6814
7266
4508
3556
3779
2794
3257
6777
5652
1943
3251
7102
2908
3309
397
7873
955
8385
225
2758
9206
9834
4575
437
5021
7176
7846
197
2849
5787
1782
1753
7785
2229
6119
487
3167
38
7437
6217
3888
5319
69
9579
609
753
1029
5182
5220
9973
5562
4780
4591
1630
1155
6902
7865
3945
5622
1590
2412
6058
9238
231
4908
2051
1774
785
6938
7192
2784
8188
9053
3614
7522
8132
3250
4457
1458
39
1475
1281
3506
1611
6952
9493
1841
3015
5874
466
6414
3542
9327
7037
9153
7307
9168
1181
6234
7485
7051
8764
6783
466
2766
6512
8891
2298
6641
586
6939
9851
873
4488
3862
8245
6351
6415
8238
4237
4772
2624
8826
2530
697
3912
8564
8241
4520
6866
5926
4138
5318
204
3999
5679
2013
9219
6708
368
2355
8108
7163
497
1864
809
5313
9947
9058
5844
773
6408
9033
9632
1987
96
4805
5758
4750
8863
4660
4748
1485
7439
4236
60
7686
5491
4042
1193
3431
5137
6685
4088
5991
3647
3208
2340
4212
1127
4629
92
6554
6192
3026
8994
2479
4851
6320
7070
1215
9137
2293
6962
2810
2358
316
4638
3899
7298
3754
7357
4620
2158
2101
1462
3694
6577
9496
6401
5887
6718
5489
1247
9735
4012
4657
3985
3758
6976
3999
1799
6178
9227
899
2730
6605
9760
9913
5158
8106
3414
3596
1824
4608
489
1201
9326
1685
4480
9165
2388
8435
6050
9006
4578
4378
9494
1510
3612
8079
5223
894
9881
3554
8061
9002
1454
6434
6537
7557
7415
4299
2759
5951
4119
4678
5952
3167
5717
9755
5284
5015
1112
9022
9234
2077
4444
9809
9403
9493
5094
918
6419
7058
6273
6448
4393
6935
8317
5268
8234
6781
3934
6607
5053
8035
7895
3733
6880
2723
2894
5815
6962
7232
6651
2686
6032
8205
2703
8483
8083
3978
8825
7900
7466
4749
2487
3134
372
6112
2376
533
4175
3454
8631
3402
7500
9287
2155
1473
2369
1588
5128
8126
7352
8897
689
3627
7235
7082
9617
6347
398
3443
5849
4219
9845
6135
619
5545
7602
790
7157
1658
5091
1609
3972
3919
3983
1262
4977
4067
3035
2430
8978
39
6469
4012
9367
9017
8545
6666
7267
5697
7170
5617
7831
6562
6615
3499
9887
259
5710
2341
3751
127
3246
1774
626
7357
6748
23
9730
2328
4258
5323
6077
7231
1316
8012
2626
5289
6945
7760
5455
543
3118
6121
9525
7536
1919
1944
5662
1985
3409
6019
6412
2025
5063
1800
9628
4501
598
1034
3797
2385
1942
6701
8416
7440
3205
785
6056
6941
9582
1098
112
4468
7300
9611
3747
2587
2983
4599
1000
9549
2060
226
649
3087
6255
195
7037
1824
9579
6554
9792
8860
759
814
6127
2701
7566
2189
5236
7834
5139
6918
4212
991
6050
3421
8844
9429
4616
324
678
4381
1741
8279
3824
6249
9446
1951
1091
8103
6173
5526
9288
539
4910
3682
7764
4085
6265
68
2584
4990
7716
7048
1175
6425
8418
3705
8665
9965
6218
3913
7726
1500
9808
2681
8249
1695
4305
6874
1868
3532
2985
5975
9031
8545
1367
9551
3089
8933
2415
773
6703
4892
3204
9482
775
5245
4110
4077
5033
4709
1277
8803
2457
3003
1963
1885
6777
9407
167
417
3444
1329
6931
9895
9663
7018
5634
9848
8354
592
7694
2178
4224
2282
8165
5462
7553
7943
3927
6760
2717
9714
9374
2273
4007
4048
5813
9562
903
4210
1161
7007
8549
1850
5931
644
6943
6279
9993
4634
4084
654
2157
9196
4153
1460
1204
9058
1722
1389
2705
6224
6896
5994
680
3156
4363
1344
6939
6373
1358
3327
3840
5875
5729
9199
8097
2838
5469
8514
4259
6563
5360
3689
6553
1797
4718
82
6851
9246
2572
1700
4754
5326
3138
1446
2965
2041
4896
4132
7460
4230
1202
6425
7305
9390
9001
340
3421
4742
4893
5939
9030
7334
4605
4484
7135
5530
2711
5460
1936
4493
4385
9592
1797
3961
9866
5277
1095
3975
5397
7677
7094
3069
1423
8161
5835
3884
11
6710
7968
3162
8652
1482
1440
6646
6861
7778
2980
4533
5340
3361
4467
9831
4838
8248
3411
197
3330
4926
9035
3674
5610
9253
6729
112
9031
3235
4008
2985
2694
8327
562
838
5176
1949
3412
3656
7580
499
5799
7058
4567
9305
5002
6441
5915
3674
9963
3918
5076
5487
4352
3223
9263
6625
4479
1642
7655
3938
4336
3447
434
403
1975
6339
1621
3704
2405
931
2900
6499
2254
3482
3961
2364
535
3733
7311
7567
8056
2974
1919
1635
5215
2285
603
9042
4255
7263
637
198
7384
3480
5715
2457
6620
6450
81
839
4675
904
2434
3792
8770
6830
8037
1462
864
3922
2344
2669
8460
1813
8415
2050
9900
804
3426
716
6828
6673
6630
2132
4405
3578
2290
9921
6739
1071
6312
5849
1018
4829
4549
4289
8854
5790
4107
4172
7473
9115
6359
633
6559
2632
1826
6337
8788
4208
2617
6817
3392
8930
7690
5093
2459
9852
9827
8260
9091
607
952
2809
5027
4239
4151
6036
2903
229
6624
8014
4907
886
7643
2385
5285
9015
9596
4453
8871
1119
8176
1951
1628
4218
9877
7222
2046
9859
1079
9573
4142
5857
3243
3041
3842
4895
2970
7947
525
9217
4026
4257
4653
2355
825
980
562
2078
9319
8633
750
3554
1756
1151
4273
8116
6345
9491
7230
930
1532
1714
7756
412
7251
3293
1402
3246
2339
7047
5349
1534
8084
4218
1508
2774
2791
6969
9240
9110
1214
7808
8141
9634
5692
3362
176
8365
2943
8257
8265
1005
1571
9897
5383
5547
585
6413
4199
5383
8481
8198
2340
8699
5747
8057
2466
4601
1088
6258
9541
4716
3087
4533
9875
8783
4540
7428
7873
4137
6306
309
6726
1957
1133
809
8749
7608
5622
4520
9528
8494
289
6346
7616
479
3486
6076
8090
3083
4834
468
3992
4461
7811
4410
4397
9439
9103
578
1643
7801
4455
417
3133
5428
6870
9222
5044
7911
3221
4679
6238
4817
9613
1251
760
2911
4143
2525
6387
8338
8126
9801
4871
1010
3292
8011
6775
9257
2971
9413
75
9191
9887
1379
7077
1153
1800
7104
8615
5133
8952
7074
7986
8099
4040
4723
9636
8818
6274
1891
9190
9929
5947
8394
2139
2771
4939
5303
8194
7812
1549
3388
7136
2374
5178
6573
9850
7797
7474
5231
5151
201
1808
5687
8989
2546
2178
363
7700
828
5996
7703
1031
3951
2578
2187
3886
5041
638
2571
7964
1809
3596
807
5729
4916
1074
5004
9570
6277
8628
7296
8376
3690
5433
1463
2275
4285
1440
5796
3821
6889
1333
3830
519
2605
2499
9281
9268
3645
8220
1843
8019
2782
5249
7300
3763
9653
7086
8854
8807
5601
342
6523
9236
5711
1838
7990
435
5311
8327
7407
4589
8289
9058
8277
4220
6284
3806
2800
3945
1079
5432
2810
9920
7303
6567
6815
2714
8955
4590
3529
4713
1189
7702
4777
7592
8305
7626
9673
8874
9950
1210
7578
9133
173
4046
9489
3028
8148
4112
6254
8022
5154
2410
7257
4356
9688
557
5104
8692
1495
2417
208
1646
5712
7951
4175
6404
338
2707
2404
1566
3807
5616
4425
6433
4559
1112
5144
1047
1207
8960
1395
6488
137
6646
5979
3147
7198
4708
5707
6003
1517
4954
895
6299
2415
5157
1199
8425
4891
1523
6739
9304
5226
2006
4034
5138
5858
9363
3455
6965
7899
2728
8586
2157
394
462
8210
3746
7747
5027
8439
3216
602
2738
5963
5326
949
7362
3306
5388
9153
6768
3570
449
9243
6064
5198
5878
8890
9037
6970
7933
2173
2038
9657
1106
6536
978
3544
6238
106
2570
378
1724
1939
5548
4207
5469
5705
6246
8039
9697
6811
5608
2301
4189
4042
1479
6651
6077
9402
857
8867
5941
4066
1666
3266
613
4055
2587
6362
2849
6611
2478
9351
6814
7089
8008
5390
6185
6638
9282
4638
8617
2951
8402
1519
6284
9908
5223
6806
7272
7086
7868
1757
6695
6785
2948
2765
9599
4471
1920
2753
9939
8363
5503
9916
1224
5252
7676
5294
4772
2601
4396
8155
959
1439
9922
2171
7323
685
5342
5992
4923
1096
9791
8980
993
6288
4690
6557
1566
8975
5320
9938
2511
2935
2052
1855
1215
5040
5642
3267
3999
7174
7125
6061
6277
4825
3075
3233
3471
7730
1233
1189
729
8066
9862
8404
8605
3359
6574
957
38
4569
8812
8195
1208
4581
8711
1156
5130
8739
9625
2273
2230
6994
275
7357
6549
6724
5124
9891
9726
6367
6429
3266
7444
2625
4180
8726
4646
8195
5068
5559
6499
2711
576
5283
1819
6935
7281
3502
4459
9079
9569
1440
6050
2587
6078
4189
374
6720
6406
4208
5670
4842
3886
6713
6189
421
3555
8268
8454
7482
1835
1089
832
454
5913
3364
7280
8220
6316
253
7409
8500
5735
1110
5397
1692
851
5960
9655
7751
1554
8301
3715
5781
3760
1885
6268
3632
7851
6279
4971
3974
4636
9773
4261
4094
4720
8428
2172
8952
5147
6938
4961
924
9300
386
1183
5101
2157
5933
8795
6003
3221
16
9864
142
3694
9729
7482
8985
2832
6728
8615
8577
747
8197
4786
5308
1458
2218
9729
2144
423
4236
9439
6015
5451
7183
5425
4978
8459
354
6379
3305
8295
1097
6956
3670
1601
9029
4943
8277
9508
4612
9657
4926
2860
2665
5128
9798
7623
6653
1336
6014
5142
1466
5571
5954
8984
775
3872
5698
1278
54
9371
2018
6624
7867
423
5855
945
6137
6390
1388
5982
4747
3103
6467
7492
7064
3165
8434
6721
749
8531
9187
182
2573
4060
4703
2396
6846
1128
7174
9858
4565
9798
2432
2235
4395
6537
1385
8528
7210
2002
1804
1793
3069
64
6035
5896
3224
4871
896
1730
48
7511
8401
8337
4612
7640
9772
6479
5035
8282
683
8314
8729
3943
2655
7055
8174
3165
4100
4768
2949
6711
4628
4765
434
1640
7936
7470
3778
9757
1819
5080
8538
6127
8714
848
8737
9647
6490
3424
8989
3037
7203
5298
1814
4029
1005
7132
8293
3022
3449
6488
5831
5022
7103
349
8917
5291
2525
5660
7527
8810
9430
1118
3077
3392
6205
6439
3684
5079
4767
2406
8910
2332
8240
6156
9116
2417
906
1354
6112
9419
3445
2195
9850
8320
1627
3474
609
3717
3290
6372
7298
4934
6697
1079
320
1481
3184
2846
1762
4165
8366
7689
6602
7471
9155
7582
6083
8287
8279
2673
8436
4519
4119
9865
2751
4690
1270
2885
8916
6236
6426
8881
305
5886
4967
561
6139
232
5892
855
7335
8425
6672
9217
3025
1753
5001
4780
4913
6834
1435
1822
3185
87
5477
7226
764
1229
7793
7996
2361
2656
2922
9236
1013
9717
111
9489
7549
4150
4711
831
7812
9236
8953
5708
8338
594
8845
1124
3676
953
3464
3539
7574
741
3952
4540
5845
8863
2168
8232
879
9660
3136
6170
6497
2715
1164
4591
7131
1905
6866
1756
7129
8899
1134
254
4451
4157
2605
310
7920
5429
7133
5286
8782
9706
1360
9887
5410
9657
7590
4875
4616
9673
3875
9509
4307
9837
1472
4369
9956
8340
1631
2755
1740
4199
5062
8416
74
2479
376
1019
4782
3631
2277
8469
7129
7066
6360
6951
4570
6633
4997
5412
5231
2249
7980
1080
2822
7657
2331
6565
3011
8966
8033
7137
9098
2473
272
8816
8263
3097
4262
4074
9605
6694
5688
2159
1746
514
8400
5297
871
6083
1090
377
9693
7939
6401
8116
4120
9797
9130
8135
7117
6971
5059
8923
8649
174
8259
6236
6474
1173
2705
2098
5039
5215
3512
9316
8755
8604
4180
3160
1526
2386
8848
2699
6580
4676
2778
9170
9334
4874
9993
7719
1360
2717
4359
1882
5309
3932
9239
7216
9105
2126
1315
1673
2664
3439
6140
5504
1934
6506
6603
2726
3154
5317
546
9548
4874
6645
525
2516
6514
6935
6926
613
10
5742
5453
1062
5459
4123
1425
8141
2552
6755
6201
7996
7092
5949
5600
116
5900
4256
6233
7915
4017
9868
3271
6679
5269
5665
2405
7064
989
8396
9452
6239
1946
9265
3436
6825
5425
932
2787
5847
2752
8867
9801
2040
2585
6857
5450
95
1778
7505
5245
4663
8752
8557
6945
5280
3961
5062
2611
5765
8229
5486
762
8112
2581
7187
9180
1380
2467
2915
5323
711
5235
5402
9211
211
2161
1491
3170
6150
5372
777
3886
3709
5615
6246
4835
1314
8949
6050
1351
1520
9205
6182
6351
6317
8283
3591
2044
7813
8265
8068
1828
2245
7672
9066
7016
6505
9209
587
5056
1482
7848
3216
9427
5873
6207
7454
6577
7371
8838
6606
1920
5584
8251
648
5163
2477
3304
4745
5075
1626
4907
7386
5156
7200
4924
3450
4621
7168
1598
6975
3613
3002
8897
6840
7617
9845
7722
6170
3690
7006
4133
2844
287
8484
3426
4179
3234
7220
9197
3606
2714
4767
3372
932
9995
150
6589
663
8078
7854
8292
4772
7443
5051
2417
7293
6642
2464
7672
8172
7596
1591
1039
2898
7172
3416
9373
2637
9834
157
6746
6818
1003
2161
4518
6401
7130
6598
7056
1457
6419
3283
8456
1070
3645
5625
4683
7098
3575
1500
1133
5837
134
9656
7762
3293
2627
2160
2684
392
6111
2346
386
4217
288
747
2570
180
210
8566
8047
7851
2485
9397
3071
126
2700
5089
5022
1404
3336
944
474
5455
6581
8740
3305
7828
3115
3489
9758
758
6229
1267
5129
833
424
1010
1102
920
5019
2693
3671
8264
6256
8022
9044
50
5868
7404
8986
6244
144
8784
7599
7050
1168
9731
8769
8946
1089
4070
7163
8939
1019
8291
5986
1389
8483
1013
1530
5592
1240
830
7969
5137
682
4024
5822
1996
5082
3843
4026
9286
1471
7291
8678
6685
5098
3716
1149
1618
7078
1881
4499
7462
4111
8649
9892
7307
8955
2933
4090
8057
6725
3134
4967
5061
12
4967
4497
1850
5336
9216
7666
3079
4504
5804
1387
1285
7065
1322
9638
9713
4259
2113
9757
4120
585
3908
129
6207
6455
2089
1331
131
4262
3668
1222
1406
623
3272
9426
4421
9579
586
8178
814
5088
6009
4645
5947
6268
4570
4420
4882
5543
5581
7184
2410
8111
6935
3251
3910
930
8482
4098
5146
842
8492
871
9446
4352
874
2333
131
6110
8494
7755
4569
9195
9727
846
3753
7931
1211
7971
7929
3152
9633
7639
4474
589
9374
8508
8939
5360
822
22
4015
9428
6262
3181
3985
4329
6385
8929
4200
8470
677
8183
6062
6868
9194
600
8089
1321
1577
8860
2692
701
1553
1458
6536
4297
1610
9767
9523
5966
3066
4500
3798
3219
1323
2595
9488
3298
4743
8017
8341
7830
8290
9018
9908
8680
9844
9966
7457
264
7928
8044
2418
7775
4477
3815
6844
6526
5247
9939
3097
4915
3449
4187
8768
2423
9308
1286
2704
4457
9379
3107
4948
7891
4626
8257
9365
4693
5595
191
2789
6165
6292
7672
8638
7015
5796
2585
6108
6731
8074
7903
8306
5524
6015
2981
3970
3520
5232
4200
7793
4782
6871
6525
3781
2271
6336
5513
4586
5906
6628
9943
7262
3522
818
2378
2550
3692
8063
8698
440
167
1535
7926
9504
9964
4655
505
1292
1032
4086
6610
3956
859
4103
6026
1164
4398
7153
7692
3378
8215
9676
52
8613
7946
616
3082
8891
7788
2407
9010
6794
4036
704
1591
3757
9470
9637
3103
8023
1788
3935
4160
5561
7215
7923
3905
1665
9906
4108
7159
4445
8866
801
742
3953
6680
9104
3292
2313
8581
4435
1659
902
6125
6752
2218
349
7038
6641
7314
7924
1697
1513
5420
4766
7144
7301
8607
2292
1524
6254
2419
3146
5412
681
1368
7080
1612
5856
7898
6265
1718
2645
3925
7719
5954
1918
1790
2776
2639
8288
5868
4786
5009
319
6926
6652
6045
7989
8839
9180
6472
5886
1290
9745
7164
2394
2655
8298
4797
945
4474
4365
8802
9332
2596
4359
8414
6984
376
3256
918
8180
6170
8500
6087
1212
737
6846
7243
9676
184
6781
6349
2262
6573
161
9151
1695
1433
6724
6472
1790
7076
4281
9466
3994
6825
5533
9912
1237
8054
9726
1399
7427
1282
3619
3672
5508
4481
1649
324
5649
4209
9554
9529
7822
4228
9224
8574
9809
7870
5110
5576
2502
2539
4104
5958
9246
3495
1494
7014
4951
9335
5345
1196
3685
3416
420
7653
573
3903
663
1967
4950
74
6152
6055
6909
4049
6424
3757
8706
5215
7154
2763
5729
9279
1229
216
9223
5078
8471
7583
4347
88
496
211
2684
9914
8473
8333
7924
7914
1919
9268
7034
8653
6114
5025
6994
2836
4164
5606
8886
2029
7314
5927
7000
8591
3727
3454
490
9994
1609
4431
9071
6964
7291
8843
2268
1738
2703
8196
3816
6139
9500
5575
8929
9133
9055
4493
2390
70
8512
1565
9666
6921
3123
8210
1576
8445
4229
8238
5450
5480
413
1449
2160
9317
6567
8191
8921
4458
1956
6176
2348
8971
3674
8818
4891
8134
6352
3856
477
6086
2452
2068
1959
5790
3
8530
3789
9788
6295
3065
8253
2942
6682
2262
2518
3632
7393
2763
6806
1733
61
4424
1051
111
3516
2334
8565
1318
5337
8748
423
2748
1637
9493
3558
1555
8582
4589
8894
5342
3297
9449
3203
5824
4951
1362
9880
444
9069
5676
9293
1302
9395
7577
8987
1625
2037
8205
7643
7500
5985
8431
4401
6621
2641
9624
6922
6394
4504
8397
7409
903
9792
1495
5668
9964
5433
7756
2290
3766
5630
6365
2998
3467
6950
4522
7343
1489
3811
3080
1019
5258
101
5692
1314
4646
3709
5598
9456
6481
