765
526
429
614
558
1329
1298
39
348
1063
830
1106
1202
1663
1649
1869
793
1965
527
1848
1623
90
858
1517
451
1855
148
983
510
756
1613
1941
1922
1012
1723
42
1906
1999
1556
1833
778
1935
1259
1119
598
1174
1515
237
317
628
1986
48
752
922
1942
719
394
706
961
1314
1072
255
1469
79
866
914
179
928
283
292
1995
1067
683
1166
1867
1984
1226
1002
1222
1085
178
711
116
130
346
1812
52
1361
581
517
1519
675
1869
1423
757
1552
1304
482
1978
1569
455
691
341
1273
35
574
1348
968
617
920
2
512
1179
1489
74
625
1695
423
115
1419
685
956
493
819
1668
703
640
442
1798
252
1958
1061
1610
99
1383
282
778
69
1462
1298
1051
1257
1013
1650
118
1301
1897
842
1066
1269
250
1301
1307
875
655
750
351
1839
1144
1316
1678
1219
1687
1884
90
1329
854
1120
372
459
730
1371
1909
1018
842
199
960
971
1826
704
1684
459
902
2
772
367
1827
1191
509
1251
1923
8
1459
1523
33
992
618
1097
1817
1411
1827
757
636
475
525
501
1520
441
498
1750
126
1092
201
943
474
1751
416
1318
327
1541
1557
1895
1511
885
1755
1632
239
1400
25
520
1550
1277
253
1990
321
990
1540
418
1028
1776
524
1742
1408
677
1686
255
1465
1162
379
469
917
1346
327
1643
1088
632
699
19
1493
271
1483
110
931
1737
1892
1501
1777
1113
756
1513
310
1741
489
835
1457
1260
1095
754
1102
885
1894
968
1249
252
181
144
740
521
1855
1347
1001
1504
1229
1264
323
1608
1667
1759
1553
62
1491
683
779
1537
674
137
545
1612
1252
375
479
1755
81
432
814
479
604
196
212
1187
636
1149
561
824
1795
263
1955
908
1218
1665
945
1792
1430
1596
332
53
1855
1904
1262
1808
1331
1868
186
1445
1234
1498
387
1772
1319
1615
176
1908
1221
1012
1634
1367
1737
761
814
752
1442
358
695
1210
1980
1809
1854
396
1466
1972
831
67
1828
543
448
1614
618
883
1977
875
881
1605
1985
374
1968
257
914
1771
1865
785
23
1756
1540
1523
189
884
121
388
232
912
270
691
1938
91
46
514
1759
1559
753
941
1273
1485
1785
1624
1936
967
1334
117
403
759
1968
225
729
934
554
196
1155
258
765
28
1861
711
1519
353
46
901
68
1445
16
363
210
1718
590
722
70
759
29
1534
286
428
1985
235
44
828
487
1102
1405
71
1859
1366
1604
1672
660
1697
626
1127
1223
1175
1241
1793
154
1549
901
1508
318
86
1421
1589
1224
664
1221
801
493
861
30
696
146
777
1441
1308
1801
1042
465
1628
575
1087
1327
1489
463
87
1150
551
280
228
1868
1912
869
924
1773
557
1205
1462
1383
309
1285
156
30
1276
1232
576
1474
838
916
1636
1166
1192
590
443
350
1155
506
644
1096
1494
310
748
1576
1394
1124
391
412
838
639
1826
774
1667
316
1077
1041
856
1833
117
1319
1171
1269
224
1866
763
243
1193
577
509
1164
1524
81
1921
1102
849
704
1335
1380
1913
1584
1712
1932
1221
573
1914
709
1106
184
559
984
1422
1841
1700
1250
322
1921
465
1626
657
713
539
1140
1415
1279
1903
90
308
1434
594
797
150
594
427
493
1954
53
1594
1829
1846
433
837
1554
814
1489
512
276
101
1236
1265
1904
574
1453
1268
352
1850
1018
22
1421
94
1247
561
1347
460
412
573
493
952
1996
439
853
1097
841
465
1627
1318
1344
691
1986
1095
121
591
317
126
144
681
756
550
260
1619
588
14
1205
716
258
860
773
948
1121
32
609
1549
843
1456
1271
35
388
1564
653
1126
1935
1421
1640
455
1697
1463
1956
164
1665
1255
576
1537
1567
869
753
684
966
491
1785
930
1351
685
1938
76
1320
1395
1623
1951
511
1183
877
1816
1799
1484
469
68
471
1730
1543
428
1574
69
626
1364
448
1099
1001
791
558
578
30
344
1194
1342
787
401
1336
857
1562
923
1039
712
226
1682
65
195
247
960
1175
1593
1214
1949
483
292
1139
1178
1574
1935
521
1126
1720
1895
1169
1831
1462
1157
135
1823
1043
1335
749
959
770
1991
703
866
1230
1683
1431
602
1463
259
1593
1890
717
1762
390
1794
171
1052
1633
1089
1187
730
1041
1719
28
277
1047
732
1768
470
1568
864
145
1064
1645
1543
1502
508
1647
522
1617
1010
792
1541
248
691
177
1502
1488
716
1201
1455
687
1342
1275
1391
584
619
1095
1299
585
1129
353
227
1628
1583
1765
1226
992
1372
548
924
554
1221
71
247
520
3
304
1317
429
435
1919
926
390
929
1384
1155
1903
1150
1270
650
1389
1003
1120
1922
596
703
1690
572
416
1333
1163
1811
340
888
7
1839
769
171
1555
718
1687
112
109
1193
855
1090
1377
610
1595
1653
1403
554
464
684
1791
1098
718
1484
1002
1690
288
519
1752
598
1198
1654
1162
1567
847
558
1175
1899
380
1692
2
484
1478
1784
855
1519
371
1011
74
1601
557
262
929
676
1844
1794
1785
948
621
1341
161
237
1014
335
1242
1531
542
1251
847
505
1185
1315
540
1631
1437
1800
619
1178
799
1979
1036
1884
1454
408
958
1339
389
1707
658
275
1121
203
674
1833
1355
943
772
614
1402
1403
1172
883
1976
1964
657
617
1141
1713
775
282
568
458
125
182
1046
1964
1899
30
216
1404
1322
976
1887
1718
1365
1765
1971
1214
1255
912
1056
67
647
1821
1952
617
1079
1640
177
1351
1333
1295
244
1273
677
1641
907
30
1595
947
22
1574
1596
31
606
1419
1956
1302
1809
1630
1841
664
38
1534
1143
796
280
1899
607
665
1758
1755
1312
1322
1531
447
1449
1956
360
550
440
1031
1224
312
963
904
254
974
168
725
520
947
493
1690
1109
1177
1885
715
1222
227
914
1485
1668
1647
346
1477
32
1977
1027
49
1058
1404
608
1967
341
522
609
852
1286
1894
571
1946
472
223
1653
1315
1077
1780
1926
1163
1776
467
1833
271
1713
385
784
748
506
1108
747
1258
46
1995
1779
674
1882
1818
1962
730
342
1754
1944
1626
1258
1336
405
806
1120
382
1134
143
1807
1079
1149
636
1664
1433
297
373
630
111
113
1011
1343
1331
1374
301
1727
921
1736
1296
1438
898
1125
794
705
15
1148
300
1613
1613
1661
322
682
1772
890
1187
1707
322
977
703
1261
555
707
1014
6
622
1275
1720
1014
563
1470
18
1667
1656
1365
967
384
1366
754
239
1442
1532
1929
1777
408
1648
116
1582
1389
1110
946
576
1188
87
608
1927
709
362
1060
1521
527
883
1570
386
1392
56
1179
769
1623
1894
240
1300
1833
1965
1102
1235
1262
1862
216
1089
1067
1347
455
1182
401
1701
1311
551
809
1918
1728
506
1572
1332
1851
1711
950
39
1706
1050
11
28
930
826
672
1342
73
1820
1930
761
689
1641
1853
1539
490
435
1844
1521
1139
1504
1926
1619
1930
683
1371
1073
576
1434
1842
165
555
505
413
1151
1124
1758
1325
36
932
1297
139
1545
1446
1393
64
1111
1875
1842
1679
1068
1158
1408
6
1341
696
760
941
1876
1996
1938
433
836
164
1794
476
1121
1262
67
1966
202
954
816
1794
409
1592
777
164
865
873
1869
42
43
1598
1568
1901
1599
662
138
1481
1526
396
1847
154
0
651
160
643
300
1590
687
1392
112
1072
154
609
1200
725
1061
219
1949
1295
1815
308
1599
765
1152
438
1133
1802
1409
1258
1717
631
1835
189
1369
1168
547
658
74
329
1943
1350
993
858
1465
247
561
718
1406
1839
1318
1099
177
844
116
459
877
1990
995
1654
1345
988
458
1170
938
684
1130
1755
1222
578
1885
336
487
1361
369
1998
1515
950
1588
19
420
624
1695
1494
1521
1275
1475
1889
1187
553
1138
51
397
1722
966
1634
1351
434
1158
1691
1895
285
751
276
727
36
1896
275
434
677
1975
436
216
1116
35
544
1852
1239
1839
88
936
311
1503
346
684
1236
1075
841
1744
1088
731
352
331
1489
1295
281
757
903
1697
47
958
738
668
430
969
243
489
1275
481
1651
922
832
569
716
1608
1142
493
907
1131
1343
1063
1842
738
562
1479
248
268
124
794
729
1205
1221
171
1926
1012
906
1973
1270
1866
271
395
459
1769
55
1804
54
636
523
1268
1105
392
472
837
637
397
445
1084
1967
1576
1877
105
339
500
737
1751
1157
405
1504
1195
238
1595
785
1127
907
1028
1761
1816
1522
21
779
1106
1073
1932
1874
1987
1856
466
1782
1807
916
1804
1083
439
1942
143
543
714
599
447
1392
1337
922
190
338
124
291
1727
446
1913
1796
537
1635
754
1315
38
1558
131
523
954
860
1849
236
243
420
1961
952
1518
75
659
1312
1587
551
385
269
210
826
618
1223
551
12
724
108
1886
1982
98
479
113
429
1393
1000
1338
1831
64
447
1413
1865
1683
310
1669
1234
1509
1380
281
1572
674
353
1726
1117
1991
1387
1614
1180
1875
1815
789
103
1160
743
1075
1337
704
180
1271
562
1582
464
92
1364
393
1306
637
1868
1758
545
635
1947
437
815
279
163
650
1802
736
1410
176
469
1566
404
1592
1699
256
610
615
1192
1798
987
1926
1099
839
1996
90
902
1297
1747
1216
1344
558
856
1868
1817
1347
599
1390
1580
221
1315
297
396
1233
638
671
736
806
103
601
1590
1071
1966
1633
1077
17
1636
1914
1553
1698
1041
249
741
414
458
1674
1483
1306
844
1269
1185
126
1578
1956
1763
1081
1639
1791
1929
1591
1732
866
58
556
633
1372
1542
323
1127
578
1531
1900
1304
1528
267
170
1689
133
1851
891
1711
1971
194
43
366
1595
152
773
1548
1458
1419
1592
520
653
1600
1750
252
1564
1071
1813
942
1299
1746
1313
946
268
646
1050
544
655
1320
1164
1506
683
1558
1371
1249
563
632
926
539
785
1303
808
134
1047
1242
1392
570
498
1177
1424
350
1231
1068
532
1214
978
941
1678
873
1829
1593
1972
1630
1455
358
92
1614
1801
331
197
53
1486
13
1658
931
286
229
1180
673
956
325
1000
1085
1396
152
1678
672
700
177
738
1673
1989
1128
913
689
1077
1069
46
1581
1020
1509
879
522
368
1205
875
494
1564
721
1978
335
1327
439
1822
1509
1114
1757
1233
178
756
1486
117
876
267
1086
797
1091
1444
1317
708
1420
384
1129
982
1599
329
1142
1912
676
1337
988
531
1875
1228
1912
1626
1278
937
1569
1382
363
991
735
559
1639
148
1774
1610
152
424
139
1461
1466
691
931
821
886
1847
580
1841
1139
135
1113
682
507
1624
1116
137
510
81
1523
1846
1609
517
1663
1813
1141
1529
1598
976
1701
1231
745
373
536
55
4
109
1166
980
1152
754
1398
1863
1186
1077
1199
1445
413
1086
