3747
1981
1110
3049
1734
3640
1049
1264
7
291
503
1054
3355
2283
2186
691
628
1049
70
512
1488
3487
1754
3415
1182
1892
1200
65
1818
3842
560
647
2676
111
3441
2767
226
3504
3673
3983
2824
3465
1460
1446
1463
2353
833
2252
2492
1483
2340
387
872
352
3200
3490
1331
901
1467
3199
3682
2227
3200
438
1607
1874
287
1788
1378
3613
1246
2949
249
599
2183
2298
1687
821
95
1696
2134
998
3743
929
1658
3342
602
568
615
3091
3697
3517
2393
1253
1643
159
312
710
769
3767
914
644
3966
3713
2193
2183
716
25
3691
1230
2745
1952
3935
648
1839
3490
3356
3262
2592
2141
1606
1609
1190
3746
1104
3901
1803
3808
3674
402
790
2511
2306
182
1592
497
1348
3201
2082
3488
1846
714
1089
3944
291
2191
1910
3221
698
1253
3867
75
3694
578
281
829
261
295
2751
3207
1745
53
3171
1522
1966
3821
2693
3850
3501
350
651
1781
663
1344
2463
2491
182
1562
1595
1108
1324
386
934
2769
1896
829
3224
2208
1553
3543
2715
2406
2821
51
2773
2529
3436
1262
2907
1312
2854
2269
3529
1017
3240
2481
3741
3227
2733
3350
512
1005
476
2266
874
317
2673
2613
68
3109
846
2593
2089
3096
3502
1049
631
3022
581
3410
2191
3072
2334
758
2929
2106
701
2119
2836
504
3786
265
2892
3673
691
622
3086
2669
752
1333
1537
829
2132
73
3434
3020
3761
3933
3079
2789
1782
470
3079
629
2919
2999
1553
3551
2638
3234
3206
305
3462
1611
1206
1812
488
3911
2048
2787
937
258
908
2018
464
3144
480
3380
3010
2798
1880
3451
3120
1048
1930
2450
1944
782
2975
1225
553
1132
3358
157
2731
2766
793
96
64
2912
3068
811
926
254
891
2968
1901
3345
135
1250
1168
2917
3358
996
2578
246
1190
2635
425
727
3011
1158
297
3798
3350
2035
976
3644
1490
210
3981
3323
3039
1212
3132
2499
1508
2897
449
1442
1484
2986
723
3716
2522
3315
3225
761
2637
2571
3373
3504
2107
1324
3514
1240
296
2275
2560
175
263
2886
863
3365
191
2960
3491
214
969
2230
2
1273
3797
2635
1804
2748
2199
737
1408
2981
1641
1597
1109
61
2710
2426
2083
3840
870
2488
392
777
2832
2934
80
369
846
2678
1289
3376
1557
1891
1280
599
3529
1345
2243
663
1161
1565
3946
85
2416
661
3582
840
3653
3678
1555
1700
2812
1463
495
3825
301
1282
1447
2384
3175
2805
1967
450
499
3584
1779
2952
326
3776
2645
3180
3251
608
2321
2138
2275
2983
3684
2004
3533
3593
1600
991
1426
83
3571
127
2790
2007
1911
768
1945
756
949
1103
1853
3078
702
2477
32
3510
451
62
3521
722
3867
1193
881
3713
1570
660
1084
1769
1445
1298
1091
3232
3568
395
2058
2374
3242
3790
2280
3080
448
3935
1379
494
908
1788
2684
1461
1006
1090
3348
3338
3966
1382
2506
592
1969
3079
565
1672
2315
1971
3760
2706
3244
3719
3138
3868
727
3224
2409
626
3289
1196
426
3588
3851
2808
3526
1286
1626
1032
2576
3
3233
2021
3277
1611
505
1920
2132
2420
2877
1471
2466
1124
2739
3039
963
229
861
1949
1426
694
3723
509
803
39
1521
2622
3007
1793
664
1615
636
912
1712
1701
3439
1674
3011
2452
1219
3572
3679
1717
3824
838
1135
3615
1995
2491
37
2544
38
203
3245
3595
664
2732
1385
2320
1786
2354
3575
2504
2676
445
2068
3392
602
254
1846
1779
918
2911
593
1435
3539
1840
3028
2506
2853
1015
235
891
2322
3849
3407
1996
3383
43
330
851
736
1311
1984
1268
2694
3701
1774
533
3999
59
1211
1061
1357
3228
3255
2505
2904
678
2089
1036
1945
520
1721
767
2480
3264
3638
1795
3437
3126
3602
1863
1950
3392
1752
2355
3664
2032
2307
139
1738
2684
3466
2733
2078
110
2509
1309
2310
2360
1636
2271
93
127
731
1444
590
1174
59
1338
1279
2196
750
1557
2740
117
43
3065
2666
1582
3337
2891
1056
1279
447
736
1418
2723
2845
1077
3745
1269
195
1489
2164
2384
167
2287
3361
565
1299
1963
3223
3816
2568
1532
2648
3207
3390
525
1011
817
1919
235
1573
2206
1781
3732
887
3597
3842
1237
2301
3072
2070
1655
3701
3312
1284
351
1887
2841
1312
3714
2319
1180
3030
2631
3441
3000
2760
3655
3378
1066
683
485
1546
3697
204
3330
2544
1413
2610
3763
2677
3626
910
1892
2547
3429
386
978
2402
2978
1194
2069
233
1402
2242
3794
2124
3854
1622
2148
1934
2050
1029
3914
1123
3517
1874
3309
3382
787
1230
519
681
894
272
2953
3477
3794
2516
1398
2033
1695
3998
1664
2127
1796
2373
1899
938
563
1014
438
1469
2422
1315
2853
2599
3626
1693
1839
2702
1054
3198
1611
1737
3853
3188
1697
3828
3038
145
3322
1554
2605
2550
3009
536
3165
602
614
2365
3764
1606
674
1522
1300
49
2794
3665
3832
3617
2705
2493
2056
2863
731
389
2402
2736
2558
124
3400
865
2542
3138
2381
269
2219
248
86
3060
243
1134
2347
2772
2694
3513
803
81
480
3665
458
1979
3529
810
2924
3870
1507
800
2277
1600
2018
3710
1760
84
3530
1114
1910
978
3730
182
191
3767
576
1221
2867
2650
995
2866
1583
1796
3009
2853
2002
3801
992
2158
1866
2603
850
2262
954
641
2083
1376
1680
2709
3032
1720
2462
3726
2024
270
460
580
732
1859
1954
3215
2708
2145
3367
1302
3927
2638
1792
109
1060
864
951
622
1302
1697
566
463
753
989
2433
1848
2669
3856
2841
2600
354
1330
496
126
11
534
3721
340
2568
1177
2484
1623
328
2848
3649
2255
2201
1460
3893
2111
383
1160
1811
3974
3493
2120
1041
2491
2533
839
1551
3542
2462
1952
820
3752
3741
997
2176
2863
2892
186
2408
891
2952
3978
550
3229
3613
60
2836
312
940
345
2861
3961
3711
3675
3309
2209
3786
3154
3955
2170
1306
372
2149
2459
2123
2261
632
659
2545
3917
1285
1539
3281
2444
2284
3977
2444
2741
2144
973
2490
2087
3270
3651
224
522
3862
841
256
2212
2433
2588
778
1351
1686
849
2081
610
116
1698
2915
2767
477
486
1640
2840
112
717
14
921
3180
2785
1575
2869
892
2276
3736
1122
3178
3190
3036
3104
1544
1206
2434
56
2401
2064
109
599
782
2118
2890
2918
2088
338
289
3190
432
1256
1040
3736
2093
2825
1105
321
1782
1645
309
2155
1626
2707
2079
2349
187
3557
1208
2940
3321
1726
120
3062
316
1290
2824
1457
3508
1570
1525
1199
3433
2304
1857
3421
605
2997
707
1729
3112
1707
3835
152
2498
2192
802
2655
2760
2109
2140
1615
2808
2882
291
2112
1352
1880
1513
2512
940
3723
2779
1514
2761
3795
3642
1690
1795
1475
69
1535
1079
1115
1506
120
45
3476
3674
669
3319
3089
2099
3739
2853
3942
912
3146
3878
2922
2168
2381
1943
3595
714
3971
2173
199
2633
1111
2884
1141
3295
3844
3816
2797
295
1177
512
2118
824
3731
2740
2291
501
887
2355
3623
1235
1852
2650
1881
3388
3657
2960
2429
321
854
1204
841
1358
1490
1020
3031
247
1925
1301
521
2420
3173
178
3097
1631
3628
2878
1898
3038
1438
3406
2887
1319
207
1596
1717
3129
2356
3858
2110
1016
3143
1821
3216
851
1244
63
771
894
2718
269
2460
1819
2327
381
1500
1324
3352
1729
296
2394
445
2581
3888
879
3488
1233
2958
3681
54
3461
2351
3742
3776
86
3306
1880
3785
2372
25
2659
334
119
3759
1627
3849
3564
213
581
847
1587
2894
3975
2523
3219
1906
3135
2269
3074
759
1640
1005
86
2887
3062
1894
2817
2896
3165
897
1588
2929
2769
2563
1829
103
643
3574
2302
618
2126
1768
2207
1933
624
1719
708
2297
3657
3430
3035
2974
2877
2280
1077
2666
259
103
1247
1893
606
1114
418
1539
3601
2375
1860
2280
804
2587
1343
2278
327
1232
2965
1311
350
2399
773
2425
215
2159
1853
1221
2515
889
1343
41
1433
2723
1682
3636
3501
3101
1425
267
3029
2425
3073
3753
3661
2856
639
3633
3790
2574
2016
2392
3046
1121
2760
2612
3625
2953
488
2945
1899
1913
2889
1960
600
3041
1167
1221
3769
2030
2808
3327
1773
558
2634
1219
3849
3858
3383
3688
2962
1101
456
2829
2214
1517
3918
2074
1597
1629
539
489
2571
3630
3354
2159
3786
3570
139
810
2176
962
3192
3174
3746
311
924
182
3558
206
1044
706
2726
844
3480
374
3690
2170
691
3865
3584
322
1651
1158
1240
3648
1546
352
2130
1298
93
1952
3555
3225
3407
1945
1401
2417
3454
1515
9
284
3402
3902
0
313
2547
1701
1359
1497
2996
815
2628
3489
3925
2287
1755
2033
3976
2424
1976
1946
2240
2897
1029
1789
1280
1901
2081
1311
3771
1030
1924
1871
1583
2128
2330
3250
2534
216
1888
3621
1513
2477
2209
2918
3332
3305
81
1435
394
1621
3975
3218
3164
2912
1235
1652
3414
870
3365
2631
3369
2041
3002
770
96
1570
3495
2384
1900
2878
2439
1255
3967
3063
90
3724
117
2802
2268
218
325
741
3182
3056
3488
1603
2545
3215
1978
685
1414
1724
599
933
387
441
1863
438
99
187
1846
2014
1399
3582
414
2390
1169
3361
214
600
3424
2592
2600
3327
2151
896
1532
3221
2288
2658
490
630
322
3150
582
1726
2146
2624
2261
656
1172
2623
474
134
2097
1128
1531
3817
3322
3621
1657
811
3689
1738
1899
1859
1034
3921
3969
1989
976
1326
600
3876
2461
1185
2112
3645
3736
2973
153
555
2764
1904
3946
3750
1531
3647
1891
1188
254
3639
1983
3911
1209
3938
276
2941
681
2313
1491
412
3523
100
1881
926
3831
1323
1577
1681
1481
3682
1923
565
3548
246
2647
2189
88
2997
257
2776
1346
1898
2651
3801
2104
1706
3704
1499
2736
1509
1468
596
1470
2784
2607
2057
2405
2785
1857
165
3044
3116
2513
1901
1411
2621
346
3415
269
1018
866
222
502
3230
2447
1879
3444
3915
3604
3966
2731
3453
1603
562
207
476
1545
2759
3480
2018
2245
3325
2896
2438
3456
2264
3058
2510
349
2837
2409
2413
3709
2475
1997
2823
3894
2100
1224
2925
3382
478
190
853
600
3566
3196
953
734
2177
2020
1202
1351
2861
2794
1237
3916
523
2606
660
669
1134
1400
626
3821
2737
3323
3225
665
3047
3330
2713
1963
2063
1723
431
1818
412
1191
3046
1276
2554
2008
1752
1011
2506
1250
2162
715
2413
1181
834
2179
3067
417
722
3564
2401
3039
344
1991
2997
3517
4
2329
2834
1125
3182
1935
771
2466
22
116
1669
792
2822
3203
3595
5
544
1376
3221
3520
2567
1774
1296
1636
3264
1913
3995
1620
2458
2072
1984
382
2395
1051
3178
471
1621
604
1497
31
3960
3830
2284
2433
812
3952
3632
3503
3031
2153
3483
3564
2922
2533
1194
1960
1192
743
1122
3299
2212
2487
870
1331
3490
2826
1950
218
2043
3118
3939
3862
3133
3410
2579
51
1866
244
3851
3359
3213
3070
1672
3057
3239
877
2670
1740
1705
110
1401
2920
1627
3604
1408
3558
3023
12
1664
2298
3774
67
265
2117
383
2049
3597
3175
3383
1930
1791
3836
2251
3952
3889
3146
893
2730
2978
2498
1135
2537
2411
1784
2103
990
3310
15
3991
1162
2682
2219
3426
0
772
3362
504
3923
1687
2089
515
646
854
318
2509
1464
2556
976
2046
680
539
1651
830
2303
628
496
3422
2820
2313
2383
2782
561
2408
2164
151
3082
2208
3794
2617
3984
1941
1181
1672
3713
879
2780
2181
3145
107
3287
3402
136
3753
231
32
3725
1372
813
3751
292
1246
1049
301
760
3480
1081
1892
3759
1081
3462
1553
2736
638
1289
1030
1053
1701
260
2919
2440
1680
1014
2959
2494
818
3609
1754
443
1742
491
648
3032
2096
2074
2104
109
2956
1792
641
2414
3983
3491
2229
2025
685
3051
31
1098
3723
2335
2462
2742
805
886
3766
1290
2548
3220
3661
3707
2563
1137
1064
3504
3072
1168
3523
1298
2515
3079
691
2028
2901
305
3027
1826
60
3250
1887
3700
1481
1594
268
2418
2101
2019
2674
3366
2185
3280
1948
3660
1326
1047
348
2424
676
2663
3797
886
3637
792
3891
1842
3538
845
175
2023
1250
164
3085
2042
2208
1104
138
855
964
1515
92
3027
218
516
219
3624
2125
1066
2253
3168
767
3485
1198
3840
3805
1938
3897
16
2624
2801
1122
1197
1696
3911
1892
1544
1403
2892
1849
1483
258
1064
2737
1201
2201
883
3366
3387
2606
3425
3935
3182
2626
2125
1164
3069
1688
3785
1429
1289
2238
3824
2924
412
1231
3799
3856
3780
3399
1409
1782
3822
6
2535
3395
1603
1564
1286
449
3484
1902
3595
1960
2394
25
616
1426
3958
3338
1957
524
1638
1120
3757
3613
3999
2524
674
313
3383
2923
2010
2549
508
86
581
1668
3890
3436
309
571
2488
1578
3133
3309
619
3292
3501
2135
1905
1380
3530
1788
1941
2990
3854
2584
1341
520
265
3887
1957
3670
421
3624
3334
3917
229
1731
1823
1458
1931
1763
3289
3569
3527
1378
3976
2378
1809
994
855
3200
1134
654
2635
1862
3000
1972
1658
883
3533
999
2986
1863
3216
970
2282
3153
3483
3087
2431
3598
253
858
383
1127
1050
986
295
2923
2025
1385
836
141
48
2633
3377
364
2941
1029
1793
3434
2021
1368
3747
2826
1285
3671
1559
3373
919
317
2165
2972
1218
370
157
2756
2599
378
3524
3321
64
1499
2493
1694
2295
3567
3703
1052
2500
3503
2997
2599
2197
512
216
2542
312
3557
632
2775
286
3839
61
1654
1336
378
2171
1158
2552
2224
3147
791
245
464
625
2686
3745
2885
690
2726
802
2019
713
841
2806
3260
981
2228
242
1835
264
3865
99
1657
3901
3498
3403
3398
1448
3174
607
1633
2584
2437
3260
1475
2719
3474
210
1857
3615
1747
1497
3457
3363
3110
1215
246
2153
3895
3760
720
1549
2148
241
2119
1373
3953
1229
267
3755
720
635
3145
2611
1321
3152
3920
482
3135
2542
2846
1615
2354
1983
3330
132
279
761
1421
3272
2920
1758
59
1947
3823
1555
1668
228
878
1355
1019
1891
2738
2529
2746
1764
1522
1282
515
2384
1660
728
1563
349
3980
3628
1164
1753
1590
3100
2554
223
1606
3810
2964
316
469
2450
1598
1445
2359
1779
2767
970
128
3045
2862
1751
211
1306
3425
3185
3143
994
323
3653
1570
2990
876
2293
90
1553
733
3140
3753
1644
2439
2954
741
490
1805
1388
3526
3679
2578
707
3695
1655
372
1862
2711
1143
3399
2476
3971
3896
2295
209
2892
46
154
1936
3076
3456
2874
3321
2223
1619
1010
2628
3061
2998
3544
2966
367
135
3355
2704
3090
3394
3604
2379
2564
1954
1897
210
2022
3421
2757
3196
2860
3409
834
2772
3535
1505
3222
1135
3509
2188
3352
2611
1305
2651
1183
3796
551
1849
713
2734
2747
2707
2344
986
2600
2110
218
1239
2847
3084
1352
2956
2848
553
283
1580
589
2103
1854
2935
1294
381
1920
1718
3501
2077
2953
1359
3234
3871
2862
26
2832
295
2839
2181
1003
164
1629
850
2869
1027
3342
651
3004
1035
3773
3611
929
2713
185
2965
3027
3272
3577
342
3515
3455
706
3165
3887
1321
3482
3553
1176
965
3799
3684
2376
2829
2497
3300
1572
113
1857
2926
3570
718
1862
1377
1264
2199
1474
2272
1483
452
1223
3487
1744
3108
668
1908
102
2112
3604
3310
223
479
1402
3847
1807
1943
414
1349
2690
3030
1154
1566
3196
2994
773
2434
3757
179
320
618
3330
1503
2425
803
2808
3108
3191
3629
2416
671
2490
2610
2968
1396
3299
2065
1938
450
3325
796
402
379
871
2159
2258
1005
1773
2168
471
1369
1175
1384
2698
2470
3043
3623
2244
3867
3509
877
2122
661
1506
3360
1900
1925
3617
189
3027
3366
3664
2016
2522
3783
1277
1755
3172
869
1553
1579
2806
932
1842
1489
3744
1335
1861
2997
2190
1739
1491
2869
90
2708
1010
348
941
1772
2963
928
2021
1754
1474
2494
2690
3976
1529
3525
3715
1899
1604
2068
3942
2827
1982
2291
218
2487
217
727
84
3613
395
2646
580
1119
2223
533
2392
984
1426
3270
616
1698
542
359
1563
1904
2924
424
3335
1827
2597
1219
2284
3153
616
1505
31
2196
2629
1405
2353
2516
2622
1239
2060
1607
2112
3324
2869
3801
584
2883
2327
2274
1527
2921
1008
823
1155
3846
2473
3028
3766
1588
1897
2502
2629
2107
2817
3087
2427
1443
3101
2209
2470
825
1023
15
1268
1869
2248
3502
2508
1530
2552
2523
85
205
3293
3395
3564
1293
2878
3741
3279
487
1952
3301
2276
2250
2506
1610
379
3113
3805
2780
3888
2889
801
2033
786
1338
1604
250
1762
1478
3643
1424
2004
3487
3276
1788
3395
3023
920
2292
3624
767
3165
163
3684
2167
2885
516
321
1577
2006
3248
3228
3385
1383
3929
139
2211
2156
3946
2411
907
2965
2865
3328
829
1600
772
3048
1724
1911
2317
1984
2605
3241
3236
2356
88
2168
2327
1787
929
996
1159
1003
893
2232
2262
65
558
1205
2069
22
2323
1970
1619
3486
1611
2883
1815
2336
1160
3419
2984
1619
289
1313
2546
3675
1146
2560
3807
1638
3224
514
1182
2637
1782
2101
615
2439
1331
1075
530
670
1965
259
2314
3426
2072
2907
186
3734
1844
3585
2217
239
3
3385
1349
2409
3290
824
3441
688
2516
436
706
222
2370
3848
1310
3155
644
3060
1517
943
218
2649
3407
738
3842
814
3047
2636
3689
2439
918
3391
2613
771
2475
3214
192
3848
1901
3335
3894
1466
440
3267
81
254
2132
2005
1059
2357
2341
939
1019
3240
2154
1787
1475
294
552
2609
1673
217
187
2832
3451
1539
3680
2136
1159
1211
3522
2193
3513
2829
11
2458
1611
839
2055
1556
3874
14
3287
2281
273
2481
588
2838
2989
3777
1949
3645
2497
677
3551
3910
1098
2952
1989
1120
44
2750
2775
3713
1635
958
2559
2409
83
3678
3961
3031
2403
3869
460
3110
3258
1238
484
188
3397
3626
671
3417
2245
3416
179
1942
3176
908
3048
3509
1155
1123
3737
2820
661
1191
337
3415
1207
219
2365
3187
267
2492
3631
2097
3039
3858
3341
1297
3245
2325
438
3531
1046
1185
1112
3595
1124
383
3469
2550
2163
3383
567
2536
163
2459
1306
208
2446
1095
136
194
2676
124
3089
3442
3873
2236
3345
909
144
1674
2355
783
2734
2207
478
1261
1993
2872
2176
2897
2017
3537
2975
2614
926
2979
737
1708
1169
2948
2221
514
712
623
1484
2879
1626
882
1350
2189
1310
980
1006
3408
3505
1493
1723
441
1222
2828
759
3117
1851
114
2699
1163
1979
2944
1804
3781
3815
237
2367
2779
620
400
2679
2682
1177
2990
3845
2849
1092
246
1555
339
1582
1156
826
120
430
1108
813
3192
2894
2735
974
1278
2630
215
1184
2990
54
2060
2843
2672
2088
2367
1592
3667
2834
1497
2929
2275
3516
364
1842
3457
3870
3733
2527
2148
2196
3411
2294
1021
1381
3676
1006
2670
1501
3013
3655
3347
1944
1970
3164
2804
1535
2870
3050
2195
1738
3158
1283
1658
1812
305
3483
2848
1621
2496
1546
1615
1848
3720
2860
1930
464
2434
1445
2292
566
3609
1694
74
94
787
1813
3592
393
3639
1632
180
276
1607
2143
1123
2954
3315
3962
3053
3090
770
810
2237
248
744
2224
1169
3119
3296
2856
3973
2184
1018
70
348
822
2420
2964
3143
2397
724
2519
87
1494
3424
274
1857
1195
100
1736
327
3199
250
2671
729
1572
3359
3497
3421
2061
1904
3195
1041
3135
688
1450
1063
316
2681
204
2125
3866
2436
3341
940
3502
3205
1940
1239
600
1021
2329
888
2193
2317
1131
186
104
1050
3540
3303
2650
821
2278
3956
1651
3191
989
3577
3795
3100
1255
1654
989
294
1024
3326
2888
3623
1877
967
2581
1286
1428
176
1304
2357
3064
460
11
3350
307
2872
2804
2100
3256
939
1459
1916
1930
1472
1669
1744
1700
2166
2114
959
3640
3397
3125
498
1269
190
2435
3139
983
3101
3410
1072
2441
1544
138
287
1196
2125
1905
844
3087
3597
810
1762
206
1301
2697
1031
3701
3302
1026
3181
3252
3874
3984
863
2716
1633
2876
3053
2304
1301
2692
800
3547
3946
3787
3818
398
2509
2714
3782
8
1556
2516
2825
2029
351
151
549
3725
782
3237
3739
1760
2053
3944
2030
2209
2729
574
3922
160
3396
3299
2831
1211
2067
1501
2277
1239
3420
2280
826
2008
2088
986
1092
2498
1388
2971
2869
1267
286
1273
380
1756
2806
3600
3656
2106
3746
1685
250
1875
2240
3007
1725
2022
2586
2855
3812
3533
3708
3847
1643
302
2740
2260
2133
1186
417
3930
367
567
334
2953
3763
2364
589
2075
809
1096
918
2391
345
3425
3174
1875
624
2558
3832
1238
828
3927
183
1768
1221
3802
964
1044
3792
2747
3430
792
3032
1342
162
679
2400
91
2440
2427
2037
1180
572
2432
1508
2538
1284
3911
3572
601
170
3636
3430
1251
3115
3414
2433
2589
745
2745
3876
2507
169
2473
3292
2501
603
1720
597
2675
3989
2066
431
3641
2257
3642
2228
789
3651
3728
830
3367
3372
1421
1859
2863
742
81
3605
388
230
2509
850
1066
2869
198
1821
2870
1967
3497
1396
3930
2458
157
1693
2013
2874
1486
3368
2701
608
2206
3194
726
1003
2133
1942
3996
772
2907
3083
40
354
1253
3527
3893
2021
3667
2364
2916
2916
1866
2514
3598
2665
2034
1204
61
1805
1592
2362
3839
1990
3152
1310
3421
3794
2269
1525
111
886
3774
797
1974
2477
2701
1758
1923
3121
2210
3548
3468
347
408
1290
192
31
607
2087
2745
3039
1288
403
3910
2392
2960
1990
2297
2025
1063
3921
237
245
1225
831
3678
3004
3419
2126
1160
426
2948
3698
1440
2269
710
618
849
580
2778
2275
202
2307
138
2634
860
3420
1270
1528
519
2905
3276
345
1327
3988
3371
2986
176
1019
3850
634
1268
3704
1958
2658
2554
1682
1651
3896
171
1948
844
2581
709
3204
3474
3344
1973
947
632
20
2796
945
2977
1361
3597
744
3800
3348
1496
2913
352
401
3172
1996
424
604
3064
3455
3689
2965
77
3379
913
3756
664
2321
2935
153
3964
1365
3160
675
1606
1343
333
1320
2882
1129
2491
3854
3146
9
2228
2349
1655
360
1807
1860
475
208
2143
3048
2652
737
311
564
3554
3376
2000
1208
2083
2841
197
2138
415
357
3388
3806
3976
1253
3719
2860
1585
3200
1765
896
2957
1632
1999
3717
1269
1186
1482
695
3990
2506
1992
843
3928
339
2523
1373
210
1567
2974
3799
1899
2692
2856
68
2987
3224
2970
2704
2696
2568
1269
649
3370
1178
484
2245
1626
2143
2606
2721
1046
2793
1950
