5807
2422
5866
3224
2259
159
5814
242
6292
2425
4245
6638
3817
7858
3047
322
7220
1042
6889
850
232
5376
5296
2010
585
271
2461
725
2317
217
7922
7496
1217
2202
5960
655
4683
7065
6500
5911
1344
5767
1504
4197
4141
5170
282
2607
3088
1836
6855
1173
2803
453
428
533
2928
3904
6245
6023
6910
6611
6543
494
4157
1683
4002
1166
2429
1510
5044
1073
7370
6860
5537
7182
2437
5130
4886
5007
3009
2313
6204
7568
7334
3366
195
778
7995
52
6576
1869
912
3944
7315
2222
6491
7191
2653
6955
3305
752
5819
6923
808
5205
5555
4230
3867
855
7006
181
4500
1769
3213
548
6994
6476
3423
5326
3676
463
2593
4630
1924
6239
2930
7173
2551
7607
4995
2745
5559
7927
854
1386
7284
5529
942
3454
1319
3071
1758
538
4120
7529
1206
7186
7080
3616
4345
5655
5871
7833
2487
6434
3213
4976
1053
2006
2776
1809
4286
4350
5761
3739
5842
7944
7753
5733
3510
1515
3784
313
5735
7563
4093
7386
7317
6680
1906
6785
5614
7956
5619
4752
2756
1243
3093
2290
1832
7857
1338
4118
7722
5247
687
4158
2145
2453
6621
2836
1758
2692
2742
1115
3515
7129
4947
52
1240
5930
1681
846
1305
4955
6230
654
1465
4921
4306
6166
1404
4671
1777
3746
6188
5147
7200
112
804
5965
5886
920
7132
7955
4546
6209
169
6825
144
3600
1995
5102
5394
4220
1926
5735
6422
754
5504
5307
7409
3632
5401
1510
4636
6239
2025
567
4136
3188
4546
3549
5269
5072
6278
6028
802
6720
3770
3273
4714
1909
679
5201
7696
3581
5425
3553
1449
1002
7842
2284
6154
7956
4461
4884
5090
4922
6778
1393
4184
5323
3792
1106
4343
1337
3305
6469
4754
358
1897
7448
5888
5113
7227
1642
7784
2553
2199
1664
2239
1021
6792
1848
871
3842
7735
5064
584
2346
962
1461
7768
4501
6666
4198
6669
2658
40
2732
1663
1618
4149
7999
3730
41
3172
3820
4283
403
6101
1139
521
3059
3259
4181
5852
6622
6393
4406
460
1733
7814
7117
6933
445
7002
6860
1931
820
2286
1243
5195
5972
6646
568
5770
6667
397
679
128
4737
7446
6684
7963
4928
9
1720
2731
3458
3134
7671
5592
419
1055
3795
7226
318
2350
6426
6063
400
4081
4467
3803
4065
6541
3113
7636
553
5899
282
1448
6197
21
2465
1301
2953
2915
3225
7871
528
3693
6343
6022
1303
6646
4582
3578
2415
5985
4347
7387
6708
5954
3980
5104
5912
2527
1228
7689
5294
4541
7386
2448
3153
2094
1922
5475
4918
227
3855
5744
231
2347
4953
4589
2288
6545
4794
6191
5857
4917
1009
2744
7737
3185
7537
2269
3091
5346
7458
7655
2965
7815
3005
4293
4403
7417
3595
2760
5009
7819
5231
4315
4373
1426
1395
2561
3731
4464
2539
4413
6290
7897
560
3624
6101
59
4146
6402
4939
2292
2627
7255
6564
597
5986
3990
1864
2240
4941
3897
758
4453
5513
4423
3372
821
1250
3273
1885
5633
5293
4630
1577
7424
1723
4304
4990
2130
3136
924
4749
3726
7154
841
6461
1906
577
1271
1269
315
2157
1230
3995
5037
7468
3165
7445
5487
2105
1754
345
6549
6470
6140
7494
7752
6620
7979
4107
2472
3226
1956
3963
3577
2373
31
6839
7658
1997
7476
6863
7902
7996
3836
5784
7879
4536
7281
7806
2956
3873
363
7494
2739
3988
3044
3428
6903
7593
6891
5617
1942
3600
699
6368
5856
5855
2334
141
7432
4010
433
96
6783
7592
2659
7377
7948
907
532
3864
6841
5113
2423
3949
6519
4844
4123
69
4668
23
4468
6092
7436
970
3823
6292
5157
4728
1792
7518
3218
487
1346
321
3263
4278
1641
5153
4129
1590
1088
416
6349
1350
7850
4
2748
7683
6722
5106
4620
5149
7451
6455
145
4656
3842
2798
1172
2997
1604
1269
6183
987
1675
7489
7183
3405
2858
1566
486
4477
907
6842
5781
1399
2787
7075
2587
3366
4636
6923
2120
6890
4031
7929
1816
5645
7503
7882
7194
6863
4767
5292
3425
320
4018
2843
4926
6165
1649
2092
1513
2422
3119
6299
2048
5680
7241
3151
3259
1543
5987
296
6322
2667
7981
1977
7007
3671
2166
665
4625
4047
6704
5523
6728
6117
995
7611
6422
5411
7752
6170
1396
3306
5409
6922
4172
2541
4709
4231
5803
3224
5113
6085
188
218
786
2252
5347
4282
4187
3591
3487
1105
5896
6389
7328
4406
4131
7710
6162
7475
4435
151
7273
4109
1401
7013
6800
6579
1816
1777
2837
7344
4447
4930
6487
425
3781
6538
5794
1906
5301
619
926
6754
520
1246
4661
7176
2737
429
2199
7991
5629
241
484
6979
39
2238
5705
2960
1946
6153
309
3341
6401
949
3809
6129
277
700
6889
4930
1008
1423
5722
1187
3074
828
5130
5954
4797
3136
1161
1713
3063
1449
3836
5304
6968
2825
7302
5736
4874
4075
1262
5719
7248
7429
4572
953
3701
4627
1018
6761
4947
3583
797
3398
1019
7694
6856
7367
7844
7965
1256
2338
3393
528
6860
3781
7923
4757
147
6170
401
6053
7587
2625
1006
2526
7026
2120
7723
175
4670
6903
1291
4783
3722
4499
7405
669
2439
6720
3850
2515
1280
322
3336
4926
5065
489
2107
2967
451
3056
3984
7839
7781
2413
1320
6958
5266
3278
2393
5116
2689
2026
3118
1005
1225
7042
1504
1291
7714
3562
2106
545
3629
2707
6808
3725
1199
2955
5572
6535
3587
3033
6372
1870
6708
2220
1344
3698
1237
7315
270
5082
6541
3033
803
2723
5699
2339
7448
6258
4512
3258
6101
2670
3298
2933
4047
4593
505
6226
608
7880
1594
6913
5235
6716
1353
6531
7628
3675
2741
5182
560
7510
2562
6134
396
5104
1708
5781
6856
1872
5413
4558
411
7053
2898
667
754
723
7980
4943
7122
1962
2690
6000
6802
2523
6585
7753
3994
1462
7447
4712
3242
1587
6224
5915
4
196
6499
6160
5472
4483
510
5169
3580
6104
5658
7616
1224
3782
3635
7405
4019
7468
4777
4404
5488
4456
2906
786
5424
4980
4898
5443
1206
198
6389
2409
178
7127
4506
4989
5792
6938
2161
1323
2998
1175
2435
7350
1477
6857
7745
3645
4590
2016
2947
3370
5529
2153
6220
7588
1942
3184
4517
7436
6385
3865
7565
2164
294
302
3859
1822
5703
7022
3750
5350
3792
3253
724
5126
389
5396
4118
7495
5889
3345
6995
3591
4619
5160
3582
7752
495
7766
1618
6093
5887
6702
2168
5316
4932
7593
6891
5575
7110
5905
4442
1247
7702
3655
7659
7702
4832
4159
1343
4661
4122
512
4922
1535
3537
2382
2958
7072
4838
846
1412
4985
126
4349
778
2658
265
2541
6649
7843
2574
590
3947
6248
1966
2729
7028
5160
4798
2159
53
6792
4023
7087
445
3758
1780
3529
4986
4114
5415
4669
5014
6663
2959
3927
396
6710
4438
6545
1398
6227
3941
2354
7269
6393
6205
541
2278
2728
6541
3608
2181
3548
6244
4349
4504
3231
3202
2558
731
6787
3242
1299
5454
5485
3816
3977
2701
4792
7953
1061
3130
5647
976
1195
7471
6104
1302
5577
5521
6599
3700
6864
6220
4672
4731
6482
4771
5656
7639
7120
3442
2915
3791
6317
1682
6434
3831
411
2313
2089
4047
1799
74
5668
1998
4278
2431
7747
4289
5435
4545
3751
6439
3376
4478
4063
2111
7766
1156
1789
4548
6006
2313
4802
4873
512
6574
5937
5981
2451
1043
2727
5083
6911
1199
5815
4508
4381
5596
1209
1225
3521
3821
7766
578
2627
6337
1840
3075
3778
3318
5758
636
2590
6238
7809
2518
7581
945
6689
7213
2577
158
840
4925
3196
2727
4899
7827
6337
2747
3466
2084
1746
3508
2654
4725
3082
7511
4419
1757
6584
6169
7384
1493
2277
1569
6918
6862
5821
1554
2467
577
4476
2634
5641
7324
6287
4639
2334
3725
7484
6748
4152
1633
1217
4466
670
1408
5133
1303
2579
3123
5936
7382
6503
3229
1948
7875
7309
4026
1826
3110
4959
3363
4980
1416
4492
303
6851
5179
1456
1056
4105
2312
1130
6317
4937
7257
6134
6211
2042
7864
7532
6347
4465
2904
1285
2101
5401
7701
4923
1
2180
2285
576
7232
2019
1676
7977
4537
6784
5370
6848
4390
7879
4754
6065
7145
6498
5161
5256
2903
4890
1451
999
6199
6878
457
2552
6149
804
6323
1039
2529
3156
7714
5278
2346
4558
5069
967
3734
1403
7514
7655
2646
320
751
3992
2565
4777
3176
5951
573
5517
7683
7272
4424
3154
3050
2104
828
4133
5507
2838
4991
6410
4012
1391
3503
4552
3993
7695
5023
3647
7703
2908
7725
1230
3097
2883
7355
4631
7031
7661
4764
5474
2800
7292
7128
1737
2487
7034
4643
623
3265
1981
4280
4673
5775
4430
6273
6883
1845
6824
5333
6265
6327
4843
7141
3135
3465
5226
7501
3590
6192
5176
6602
6963
6922
6712
160
733
6870
4051
6779
207
3619
3171
4695
1450
1590
3915
1123
5310
3280
520
7777
2018
4581
4222
6657
3740
7161
5585
5081
4559
6869
2456
5933
5785
3303
1975
6492
1107
6115
5798
2733
6969
4351
6730
7814
716
4042
2198
5559
410
6469
5518
34
5872
2975
1651
2916
368
5883
6179
1148
6505
3026
4447
4451
2283
3593
4379
1607
5873
3451
3176
7951
6583
2765
1163
4386
6608
5724
7276
2251
3531
5354
6195
6734
7191
1838
904
6074
2405
482
2447
4613
5158
5385
2904
838
6291
3095
2147
6876
5295
935
7660
1457
3761
3444
5737
205
1121
1244
3617
7170
2727
1911
5640
7838
3936
3829
4240
431
5749
1713
2621
3126
3705
441
4212
3889
4075
2019
4503
946
4078
2956
7625
7488
5698
4009
3041
3999
3807
3230
4977
3720
2714
4403
6726
3022
6857
2444
1726
3067
1255
1000
1294
7963
1484
7460
3203
7649
7282
4746
7734
1120
2568
5741
6659
3124
7517
6874
1566
1310
5465
4342
5222
6872
2807
3641
3177
6062
5690
4521
2554
4475
1177
7189
2994
4903
681
1496
6981
545
7882
5081
3268
2740
3941
4870
7889
3927
3716
1008
4267
2377
7840
5277
3147
1294
868
7238
4640
1212
1355
6755
4364
7189
3615
5309
7749
3117
7023
6391
4740
521
7118
5512
3740
569
7404
4776
299
7565
1609
1687
3139
4022
1317
4779
5298
1485
7253
3871
7754
5591
144
6196
4566
2422
6962
5326
6661
6046
476
5791
3581
4166
6446
6469
7062
4177
3389
6256
3052
3452
4778
4258
7786
1527
617
7642
6791
1909
4756
1539
1224
5564
1924
4766
5655
4698
2346
4903
3479
286
3940
145
2339
1851
482
5580
2498
7320
2745
3981
7807
377
6511
3892
3989
2521
2490
2726
6132
1127
6554
3815
4888
7125
6329
7760
6535
479
79
2162
6160
2471
1941
1721
7399
2860
3951
6932
2727
7327
3937
2001
3043
141
1253
1345
2279
2864
1415
6956
6039
3930
4153
4110
6786
282
4953
359
3839
2809
2099
2432
4451
4152
5331
7607
2515
6524
626
323
5920
2478
2242
7251
377
5182
6048
2715
508
4523
7289
7338
260
1470
5332
5928
6236
5435
7551
6132
3248
3934
419
3017
5450
6688
5980
6724
634
7351
6278
6528
7806
7390
938
1064
6886
4217
3986
5198
4414
3464
1129
958
2396
1396
2090
5125
2899
1762
6228
3552
814
1946
1567
3946
7180
2121
5473
4830
1717
2162
5622
4549
7747
6399
507
675
7423
7868
1647
848
2199
3527
4762
4998
4719
3985
4592
6166
3849
1603
5641
4494
6276
5408
5036
4737
6161
4061
5803
3532
552
7223
3256
4876
800
4943
5828
2732
4946
6298
549
6333
5091
314
523
4741
2993
4274
5109
382
649
6841
7186
6751
4385
7990
7729
3150
6976
571
2071
5287
4584
5377
4614
4746
3797
2945
3367
798
6828
844
2590
6696
1923
7070
4950
7574
7296
4195
7971
2229
4417
7283
3202
4537
6221
5104
2400
3947
1847
5048
1176
4418
5729
7178
6907
1401
3409
2195
4381
4865
5186
5649
1493
5108
3696
2563
477
3004
6837
2707
5507
7547
2893
5048
5160
999
6514
4531
2106
5650
199
5105
2513
4117
2194
2021
68
7341
2219
7733
2106
6859
7194
3291
256
2631
2153
973
5134
4661
779
3926
3992
1814
7520
944
1863
6719
6966
7058
2645
5298
4234
1456
4669
3453
6303
7280
1700
3589
2791
7233
2958
4148
3411
6426
6593
3971
2348
3769
239
6305
7059
3263
3591
2410
6501
6854
7635
227
1569
5113
3008
5206
2503
797
6115
2380
6311
7434
6019
6943
1739
383
3722
1050
2093
1408
6381
1240
1220
1595
4092
3836
1207
7553
4308
6866
7881
4120
525
2506
3927
7390
3819
5721
5472
2690
7906
747
2228
7205
6800
3236
1803
6273
2755
4341
1521
5933
3103
7711
155
2151
3675
3303
1167
1189
5927
7132
4610
7923
6493
1502
4575
1490
7784
7981
3093
4446
2374
7302
3639
6692
6323
2593
1912
771
5175
4762
4316
664
3299
5576
3566
4078
342
6909
2119
2253
1959
5826
5615
5665
1614
6629
2301
6550
6134
2673
4379
5
3821
2705
5520
2497
2317
693
5259
7911
6057
529
1761
6869
4004
7706
3456
4839
1519
1018
1294
654
7588
2496
4872
1358
266
1279
5464
7875
7073
790
6969
4824
1217
530
6067
6864
907
6021
5370
1275
7634
6836
122
6049
6199
1407
5993
2601
6395
2168
803
2255
1615
5879
476
5999
1330
1329
3317
5572
2219
2389
700
2753
897
6277
2507
4810
7557
5126
6176
7373
6483
3370
968
5576
6254
6176
4077
122
1622
1073
4448
3008
6405
156
7707
5958
384
3650
3324
1184
7054
7351
5179
6924
7251
2378
4925
1256
4019
1885
4077
3030
6730
3812
7491
2323
5372
5464
7912
2629
7005
4634
550
5088
1831
1211
2109
5358
3897
612
6485
2322
7365
4134
5350
2632
5426
7205
4080
6162
7273
2755
4023
6764
3239
7349
826
4294
5036
429
5577
1703
3202
7947
2764
3024
1220
2888
550
6460
5426
4594
651
5295
3695
535
1068
4216
2014
78
5229
5661
2478
4032
5574
4173
6808
180
6371
6264
4457
1697
5594
1162
5418
309
4900
3834
1296
5250
302
45
3812
2493
3848
3748
1780
447
2666
1942
3755
273
7944
7188
5912
5111
6975
3317
7368
7025
2111
7406
14
7116
1502
4942
3097
5226
1749
1153
6129
4839
103
5795
7371
227
5597
7291
5003
6617
4529
6889
6224
4031
3935
6615
1923
7741
3228
4098
3172
630
4931
6924
2701
5519
2421
6985
5623
2424
3895
7373
5079
2926
7232
2680
96
5251
6231
6133
833
1399
660
1828
534
3562
867
5383
1868
1285
2159
1646
7998
5280
6944
1689
1575
6476
1631
7113
2011
3852
6540
7771
740
7777
6581
5336
5846
3054
2220
1713
5275
1522
2253
6108
6027
58
185
5638
1064
5976
2490
7701
4338
2301
1807
1870
1199
59
3134
4919
2603
3693
325
4641
6887
6909
3720
6451
2545
7677
5488
7339
5312
2837
1263
6535
971
2694
929
7358
1730
6176
5907
1994
2595
5573
5041
567
5086
6591
2229
3647
2766
2371
146
7431
418
5345
5970
1147
6377
2214
736
2811
7349
7081
7976
2260
7253
5645
5560
7491
5934
5634
7134
5633
6282
3033
4355
1444
1149
411
83
73
4582
560
3982
871
3306
1872
5475
5362
5979
1324
758
3062
7665
2634
2580
3655
1077
7085
3774
1087
2534
4742
2002
4484
3212
4186
7962
360
5140
3630
4296
389
551
3188
1704
3111
6537
7303
4269
4234
2639
3736
7766
789
4850
3275
734
1205
1659
6200
6328
426
4132
3796
5517
2552
6695
1613
6901
1004
2101
5886
7479
6088
7278
1450
1908
5850
58
730
1349
6483
4490
2759
709
7083
6258
943
1139
380
1919
2194
858
157
6011
250
7933
5367
2736
6478
3360
529
1806
6105
7817
1843
5174
4812
4725
4469
4726
7785
5743
4795
6706
6786
4591
6063
4445
491
7109
2526
5183
3297
5697
429
3084
3978
4822
5366
3226
6032
990
1181
208
257
7643
1393
149
3020
647
6165
2248
4896
3583
2203
5696
5807
1794
7511
3620
446
2139
3746
7870
5774
5701
22
838
6527
5142
1274
5142
3129
5233
7934
6882
3117
6009
7424
7309
2108
3345
84
3128
1547
7174
471
7301
3914
5396
5502
88
7766
7480
3781
194
6930
2061
7479
4281
380
1311
3490
7737
1727
1635
4124
2474
16
1255
5452
4649
6406
4491
1454
4613
4532
2063
6477
4988
5809
6494
3041
4696
6599
5703
893
856
4122
134
6245
886
208
5275
1466
7741
2397
173
1079
2142
4608
3578
7707
750
2547
2577
1716
6638
215
111
594
46
5312
3523
6687
3275
1040
2275
4749
5741
3761
7253
1791
1538
2135
6577
5093
4551
7835
1570
1753
1005
6618
1606
3014
473
1476
1735
658
5774
2791
6563
3075
7780
7868
1575
7198
7092
3889
1124
3304
2611
327
555
6756
3476
989
4430
83
7431
6364
5618
6361
1586
1610
2963
4678
4657
2457
4559
548
7165
539
5117
6436
1711
7056
5721
2154
1290
3408
6217
3683
3802
5370
794
4071
3240
1562
1787
1350
4703
5446
5497
4007
3260
6734
4846
4365
3809
7079
6923
2267
6485
79
998
5837
3763
3096
332
4593
7334
4081
1120
3063
921
6523
4170
98
3620
7872
1410
4394
6946
3186
97
6324
1694
6495
6588
7985
5807
3270
2803
3441
5873
637
2023
7465
467
7359
2396
5645
3457
5367
2578
1559
1537
506
4142
7761
6594
6413
3941
2686
4189
1846
338
3097
6298
4501
234
1575
1588
7296
7099
6574
7885
2294
1676
6918
5149
871
4843
3165
7107
6465
4079
1102
3880
4136
7252
7678
279
7420
7972
7048
5106
7344
5487
7906
3669
5226
3110
7184
4847
3777
449
5181
3435
251
4174
1587
2131
6824
1861
363
7389
5065
1428
6326
5535
3336
2944
7295
3875
123
4116
3035
6216
6772
5483
1752
3034
5769
4392
4751
5732
7688
4058
3922
1744
5083
3544
5039
4924
5081
219
6440
3514
6111
4313
3449
6136
137
7385
6017
2609
6006
3076
6323
3069
3894
1255
6692
3696
5607
1675
7994
6540
372
4512
732
6283
995
4684
7402
4422
688
586
7217
5241
555
1882
5156
4064
5695
5284
2343
4682
6063
1717
84
3452
661
3043
1473
4481
2356
7548
6286
3408
3545
598
2957
717
2087
6442
1742
7100
6378
4851
1772
3322
2116
2306
1483
3141
3290
5716
2998
4212
6059
7134
2376
2577
4715
6717
7160
7182
5530
2160
4544
2016
3306
4129
5483
855
6604
2681
4451
3206
3078
1446
1072
5953
6041
2355
696
5325
1338
3936
2065
2182
7786
6727
7522
279
6899
4097
6777
6005
4294
7792
1107
3275
4141
2763
2873
4591
1197
1351
5631
960
6423
662
4602
5212
5857
6964
179
5405
400
1206
2120
5385
6321
4265
1494
4210
764
3278
2933
3015
1229
5428
7622
7026
4936
4818
3499
7850
7183
5559
1469
6748
7256
7974
3003
1510
4132
2807
7313
3697
2187
2610
5361
3365
5282
1961
3296
3038
4074
2944
5457
1576
81
5324
6927
1733
980
6100
5670
6537
799
4641
4629
7315
2142
7357
6701
6030
1235
5865
6361
4740
4570
878
6744
3371
2090
540
4344
5635
2319
692
5031
1807
3528
7578
930
4184
3975
6718
7772
475
3461
7230
629
1962
1872
2610
4542
5181
2089
6998
7349
1990
6584
2205
5117
3291
7223
1309
5855
2281
6220
3352
4821
6015
4930
4703
4496
5177
46
5907
4396
7359
6024
4326
2227
4745
1973
4673
4422
7036
932
7511
951
4516
7443
6069
347
6609
1475
2231
2222
7854
7237
7305
6116
2149
6092
2194
1327
5225
5743
6846
471
6694
7038
6369
1800
663
3214
4950
3926
1779
74
732
3370
1695
7538
3057
459
7341
7214
3991
6403
3025
7074
4807
3950
5243
5020
1099
5848
4244
6055
7481
3400
5744
5003
2308
5731
7858
2115
6628
2953
4154
6656
3575
7220
1907
3456
6678
6767
985
1642
2069
5302
5455
1195
307
747
4860
1676
6592
7086
1251
6414
1343
1189
3479
633
671
6790
5811
7455
1998
2353
1905
7405
2113
6413
1231
977
7190
1003
5465
47
4806
5149
6993
4321
4766
5943
2536
5742
6540
2554
4062
6704
4371
6584
4514
1110
634
6515
1535
2780
7773
4561
2225
1394
3151
7037
2140
6090
7417
6457
4078
5068
5483
6888
865
5947
7982
5628
3232
6374
75
2137
982
1269
3727
7198
3062
2340
5094
7599
1769
6908
6412
227
199
2800
7792
240
2198
1997
4569
7103
2436
5946
4381
7556
2875
7845
905
6171
771
7958
4166
1970
6504
4921
4624
5650
873
5217
3738
270
3178
442
1439
4849
5252
5660
3009
1116
752
121
6062
4735
7416
3788
860
3666
2595
7573
7960
7858
5289
3872
6182
324
5004
945
7140
5693
3183
1874
6113
6672
546
6272
2760
1409
5591
6631
3217
1584
7629
5114
7342
6100
98
6820
3422
4591
4568
7982
1368
4523
677
241
6474
7488
434
3113
1041
352
657
3944
4697
7252
4968
4088
5990
5001
6653
5746
5839
5274
5831
5865
3701
4031
6720
3648
1788
7947
7494
4726
1465
1180
28
1695
6935
1650
4022
7684
2601
2050
1338
819
3970
5142
50
6883
5765
1468
7550
1174
4882
404
4232
510
4099
577
3614
2512
4963
975
1433
7767
3020
1659
7084
7130
1575
6784
7961
3420
5421
2745
588
7906
3481
4537
4104
3465
3071
33
3513
1973
6503
6672
4271
7434
6985
139
159
550
1310
3925
6996
884
7562
6234
3676
7460
1091
4529
1109
7586
5253
66
1036
4884
6922
7085
6341
6963
6557
7931
6336
2856
6581
4130
649
6287
2116
4603
3720
3049
617
3436
4542
7182
1693
3259
3176
1381
3437
73
2683
7964
2814
1436
2520
3965
1197
2266
1065
1335
3860
7044
2827
939
2287
72
23
983
6379
2469
2597
4707
6171
7922
1372
4599
1414
2802
1935
5123
6393
2035
1954
2855
615
6217
2038
148
1493
7772
7874
1874
6923
4531
3247
6507
5653
1916
1702
4716
5609
7987
6969
4890
4826
953
4927
3413
2441
274
4737
213
6137
4352
3943
3094
1771
5832
3689
3479
2347
7896
5850
5720
3316
5465
3759
7768
3147
84
4342
2960
2410
6291
3842
891
7073
638
5980
5749
4527
6064
4235
3231
5817
2154
5116
4052
2831
1906
6619
1310
2722
5911
5756
364
5556
3461
6872
1611
5237
888
6641
6485
1978
4527
1990
7183
1110
1011
3833
7092
5784
5173
2405
1564
2115
1656
3078
7645
4593
2392
2967
2554
1072
6453
4232
6156
6428
5312
3885
2365
1964
5413
2037
2357
7918
4991
6902
4682
4917
3406
1514
7787
7001
6844
1984
3170
5825
32
270
6343
923
3711
1810
3943
416
7905
3991
816
306
1620
7337
4554
516
6398
7398
2951
4065
4259
5728
4005
319
1849
2967
2553
1964
196
7919
332
418
7304
1665
1178
1581
6876
7107
6290
7404
4779
4010
5939
6470
3430
5447
3660
791
3117
5724
958
2307
2320
2226
6722
5061
2435
4254
3989
1780
7859
6814
7418
6615
6224
6460
5751
1035
3635
5649
742
1395
99
7732
7504
6431
863
6561
2876
4973
2267
2835
6391
4399
5709
5703
620
2878
4712
2745
4079
5192
5604
4371
4636
4955
2153
1774
4238
5287
4596
4997
5038
1518
3783
1256
6380
3246
3749
5599
5864
5100
4847
6073
5593
5792
640
5963
4958
3565
1065
317
1706
2903
3975
837
3793
4368
2948
6345
7404
4689
5361
1434
5770
7749
1028
5533
6837
2844
4256
500
3517
4637
3042
4993
2248
1446
139
6252
5725
1045
2098
546
153
7896
3926
452
4056
743
843
4220
6602
4765
2664
5906
6640
7978
2690
2564
7050
5341
5530
2663
2712
2040
3106
2061
4384
1654
5178
2204
4898
5444
15
7906
6616
7753
2450
6891
5703
1500
4332
455
1787
3031
4495
7971
6716
3080
1670
7594
7610
6365
4320
1400
1073
335
2244
5345
5385
1860
7804
2785
7702
5155
6008
4961
1708
6975
213
4710
1889
4160
51
6808
7523
7817
2243
5740
4690
1989
3293
7305
6032
373
7617
2374
3721
2680
7494
7217
6995
2484
4275
5239
3861
2915
1633
3562
6969
7306
3188
6792
4396
913
4664
5436
4991
3083
821
5825
5137
2761
1695
4016
1259
1973
3284
4048
2041
1941
614
5042
4332
6735
2193
4033
6865
5870
4199
2041
2374
6048
2285
7791
7398
1193
6741
2587
7991
3246
2801
1284
2774
7649
6202
5873
173
5242
4688
131
2432
4261
959
7878
4887
4437
5636
1802
7222
1649
6147
410
5841
4385
2987
3580
1211
244
6644
4301
2961
5993
2547
7567
714
176
5715
3048
2104
1050
1335
19
1071
6628
2368
5168
1539
5849
2289
6296
7715
433
4434
1550
2735
1701
981
4694
4060
5691
2409
2099
2973
3107
6352
4459
6728
4197
7092
1934
1332
4378
7501
3247
666
447
46
1435
3561
5482
579
5323
4666
7023
7915
6412
5382
7904
7792
3776
7827
2113
1630
682
7750
1284
6561
29
7499
978
3533
5339
7603
3637
866
7928
5217
1113
3445
4983
5625
3923
4809
7697
3185
2914
6727
3210
2571
1741
6413
1022
5818
5611
3340
7627
5668
4954
5714
569
882
261
958
2681
4629
7994
7148
5202
772
7575
3150
2585
6813
7651
286
6179
2437
2363
7672
6618
7067
3124
4942
7626
6513
377
5894
1079
1767
1104
2673
6549
6164
1336
6395
2185
6601
683
2731
7680
2185
3913
3758
182
7624
6862
4461
6428
6893
6462
7599
2960
1114
3444
4210
3227
1330
5268
853
3449
7756
2093
4757
2552
4315
4112
2359
1078
4696
6334
3303
7888
5875
2903
2764
1579
983
3286
54
1941
7591
7203
786
1413
3947
1898
7420
7353
6379
6376
867
5108
2025
2477
1873
5225
254
6184
3238
5783
3581
290
2488
2718
583
3592
3441
5137
5243
10
6192
7002
5391
1555
4324
7196
5296
3804
7773
865
2221
3592
5554
2084
3649
1828
6651
1226
7100
1910
1673
6115
3928
3926
474
3864
4130
6863
5727
2473
3203
1296
7541
3627
4237
7528
5500
4768
4896
4925
2105
1407
3626
3186
1389
3754
4396
5554
575
7164
436
7474
4942
7477
2914
5971
2653
2276
6173
1011
7103
3151
3105
6401
5437
2505
6414
2249
7181
7026
5995
1786
6521
4844
3329
4368
3582
2544
6737
3717
2117
3546
2560
7960
1344
1055
4733
5827
4249
6601
968
5308
5479
5380
5650
5401
7022
1950
1800
6028
3191
2493
2862
3997
2022
716
5792
3867
3964
1619
7854
7858
870
6727
748
2422
578
12
1105
2891
952
3628
6120
3577
4076
707
5001
1005
371
4841
7132
430
3703
521
2294
572
2145
5674
6958
2494
865
4584
1645
1814
5679
6849
3510
2955
4132
5685
1780
3876
1550
736
3349
7763
2307
4716
7793
383
3633
5570
3259
346
6612
6482
7121
251
2590
2934
10
5716
7004
7173
6733
6540
6775
3789
2849
3762
1659
7780
3049
127
2565
6337
1241
3498
4664
1720
6141
980
4156
2987
2400
61
2927
6963
1721
1816
4855
3716
7128
2226
3364
6951
475
2928
3910
5105
2516
228
1365
2567
6251
2946
4882
4321
4011
1677
7595
3455
646
2339
3625
7342
5403
1328
147
4965
3521
6418
1871
6693
1249
512
7083
7004
6970
627
4484
1980
270
1991
6390
5074
6278
909
383
2504
6257
4026
4394
5781
1404
3922
1193
1238
1005
3434
7647
1094
4508
7890
5632
7434
5824
3430
5327
5636
3063
4865
7685
3167
4137
7
1189
7284
6089
7189
582
3071
5719
2671
77
3372
7015
4928
2613
6567
7083
3275
59
760
2735
1073
4827
1851
4572
771
3184
4066
2359
1269
6617
6938
2665
7626
3917
2333
1210
4874
3253
7022
2039
5711
4269
6415
1588
6116
7373
1462
1920
5421
2658
7370
3832
134
4476
7644
5246
3833
1538
121
5225
6684
432
7022
1182
7659
814
2697
6250
6290
1068
4617
5516
786
2084
3302
1750
5622
5827
7241
1456
2190
2740
1522
511
2886
3560
7745
1381
1992
954
7933
6801
1994
469
560
4057
5449
2580
4397
3402
2318
227
7822
7865
651
7011
5327
1657
4784
2326
1349
2550
3720
7011
2205
2074
5109
6657
7764
59
1272
7564
7633
7007
2943
6378
6041
6955
3941
6768
1187
4953
1716
1093
4754
2973
2740
3794
5381
7996
7957
357
307
238
6032
4962
1991
1922
870
5570
7435
3666
912
947
1046
6551
4954
262
3253
7093
4755
2160
755
5795
441
4820
4125
1662
6742
5318
2649
4996
337
5669
656
6987
1109
6261
228
3062
844
2965
6063
1645
3941
12
5389
4937
1951
6803
3226
7504
3253
7149
2912
1928
966
5991
1691
439
2168
7487
5303
1437
7780
7410
1903
1957
4961
126
6242
5616
4633
6000
1963
4261
5748
2880
962
471
7177
3397
180
7290
1610
6128
3795
2970
1603
3249
4692
262
5925
2111
3197
7657
6623
1258
7464
2255
7696
4717
4527
4326
7088
5961
1914
6351
648
770
849
273
4017
287
5465
1878
7885
7867
2053
6667
3820
3929
2302
3291
5882
7787
6565
6557
3503
6556
3613
197
5592
6513
1941
4065
6628
7891
596
1088
6457
1879
2608
280
2817
2696
3512
1286
5093
1899
7052
7395
5566
6692
2072
3650
2442
6783
6714
6611
5178
5440
4424
6562
3166
5695
4902
5342
7560
6225
2041
3736
3058
1266
5969
7256
3702
6961
5777
2371
2269
4902
1063
6675
4589
2157
4376
4183
4113
3919
2721
877
6349
3978
2717
7853
1244
7532
6586
7815
401
2425
3076
5410
977
732
528
6800
1401
6662
2682
3093
7549
5080
7462
1675
3754
7533
2855
3212
1079
7451
6126
7998
3477
7299
3006
5551
3032
7762
115
7790
196
608
2769
829
7947
6710
3443
5355
65
758
5565
2772
3228
4549
922
7720
2368
7256
2866
7297
4767
3954
7630
3216
2605
4725
441
1377
6187
3974
1763
5738
6842
5183
5875
2081
5483
6137
3132
2213
6086
3721
2626
4343
2840
7719
3610
2801
5495
7615
1921
5990
1421
7204
1788
3376
5181
4907
1754
548
4887
991
4139
7797
7403
4481
4278
6372
7450
349
962
3523
6918
1664
4867
2617
6224
3673
7381
2081
3281
5391
4140
4594
3670
5062
5705
1934
3873
956
206
1034
1899
2256
3395
5282
4436
4388
440
5794
634
953
6950
6303
7900
6477
6043
6539
4595
6555
1978
6402
272
6486
4689
2924
100
4356
7733
1970
4392
1576
531
815
6652
3209
4409
4191
6307
7982
846
7073
7313
3717
5455
442
7072
7962
602
7442
3614
1952
5218
798
6736
6559
230
61
2822
5762
6165
3186
1314
197
5880
7143
3308
2676
3990
716
3513
5160
3447
5333
5825
4449
2878
4712
3999
7961
3637
5307
458
7272
7198
2995
7979
5654
1365
1112
1045
4692
1928
6925
3897
2107
6770
7795
828
248
69
6748
3003
4274
3107
7853
5140
881
5349
774
2588
491
823
5024
2892
6134
4482
1926
7671
839
7083
1965
4644
2171
1283
7170
7905
5587
4026
336
5047
3664
2895
5386
496
1763
7048
3823
1433
4554
6430
5188
7913
1878
4372
6644
2339
4743
4302
2233
1163
4834
5199
52
1733
1722
4518
7555
1424
1040
1727
7369
741
6194
228
4445
2805
1786
4295
102
648
6697
809
7416
1030
2889
6968
5642
4947
2281
6749
6780
6808
2644
6810
7099
6231
252
4640
376
4685
4127
2152
5802
7702
6024
4540
3963
4153
5855
1122
2978
3074
2111
7990
5834
3800
2861
1720
3169
664
3284
4970
1157
3281
6197
2728
7894
3438
4929
4077
3592
7885
2901
2726
2099
2800
3637
6205
5710
4496
4469
2496
1923
5911
7053
1995
5741
1710
5843
4104
2317
6306
25
3365
4189
4898
6969
1937
1035
1600
4069
1369
3839
7005
2935
2963
5540
4063
1194
695
693
5844
2742
3524
3353
7845
7119
3056
3361
4691
2719
3911
6371
6626
4902
5779
444
2942
2623
29
1694
5482
4017
3863
5435
1633
2459
5414
3481
4740
3921
1779
6668
2580
43
6898
2385
7614
3126
3310
3857
5941
3346
7187
3070
1388
4813
5703
2743
4977
1639
5655
6371
7938
4032
2410
1388
2782
1490
2610
2609
5375
7489
713
3644
5777
3623
2338
4594
4581
2992
6495
1333
6743
6686
184
6863
6434
5547
2459
4661
4168
5949
4968
7657
7483
5166
4061
2403
2710
4968
6009
198
7875
3397
7442
7395
5527
4250
4042
1772
1302
7625
5648
850
3286
4939
3302
7167
754
6160
3409
7043
6608
3565
68
2986
3858
5150
2758
3893
2742
3886
4939
5374
3583
2355
5786
962
7252
1842
2125
5686
99
6801
2794
2423
7489
5674
7035
6627
3562
7361
4136
6508
4632
3219
1451
5395
3607
3276
36
2983
3092
6423
7548
6365
3347
3667
6646
4167
6030
1099
4070
3835
1629
1048
6647
3038
5812
7965
5918
5371
1356
5896
2653
1956
141
6990
6447
283
3643
7281
3712
1520
2677
7080
3742
3763
5590
6615
7192
1116
2913
1138
6171
5206
5454
1530
304
657
87
4520
2470
3269
5000
6927
7586
3077
5918
937
3673
169
819
2225
4585
3081
946
5808
2139
5780
6379
7840
58
5709
7249
3121
6977
37
4610
7928
6938
222
2331
1818
5140
4191
4786
6419
378
858
954
3736
3475
5447
3499
1379
3128
3978
1691
5144
5008
1509
3500
724
543
1149
999
3895
6741
1569
6182
4323
5496
5669
7571
2238
4252
6264
7507
7520
3482
4092
7763
5311
6371
7145
5129
3108
6185
2271
2876
1343
1214
178
2521
777
3802
1447
1063
7617
860
1809
5869
5081
394
5931
660
4195
5953
2132
3528
6945
6554
5887
3708
3463
5501
7687
7805
5749
1666
769
4451
1513
1168
409
870
1015
41
2931
3593
7393
7326
1283
4558
6734
5209
2949
5101
4269
4153
5212
7855
7358
6649
169
2315
2509
7069
3642
7845
498
7242
4044
2175
2741
1771
1475
5900
1346
7715
1755
2321
908
167
797
2891
5862
4379
1676
5864
1342
2476
5949
7206
7756
2420
195
597
5909
4788
2491
7361
6292
1041
1437
7436
5235
1354
563
6963
7951
4722
5405
873
57
4894
3193
5838
2978
4897
2091
2210
2728
6202
2081
5083
3850
6309
3058
374
2905
4330
1380
3824
2690
6342
62
5072
3450
632
24
5475
2668
5597
6208
3092
2583
3948
1111
5268
410
2003
1199
6509
307
213
6889
4838
6450
2744
4196
7594
5147
1765
7878
5640
757
2273
3821
1190
3223
5641
636
6993
2374
4709
4839
5359
5705
4142
6739
4517
2182
2884
5047
5061
4658
938
3463
2747
5846
4333
5899
1650
5331
4009
6734
1717
3949
4503
2405
986
908
689
4860
7281
368
1457
3830
6913
5754
2108
3578
4956
7900
4366
2724
913
1190
6300
4950
7079
2192
6064
3816
2706
1831
3272
639
5037
2993
3939
2305
4568
4505
3299
6098
4380
5755
3462
3076
6168
7803
7741
4197
2570
632
4612
6374
2687
4278
3658
4820
3167
5890
5492
7465
5010
1328
1499
4980
2226
4769
3422
3820
4773
793
1155
3953
4682
4826
7767
5345
7040
5301
5649
5989
2518
792
813
5204
7392
1392
3757
1122
478
7967
944
6741
221
7449
4818
4598
1121
7195
420
4063
2990
4468
3046
5481
6997
4445
28
7783
3260
1709
6592
4935
3711
2024
4889
1486
1250
3233
4667
6737
1682
465
7705
4421
2725
3393
3983
548
347
111
3726
1972
2977
5270
3813
4456
4623
5427
3710
3426
4699
2126
4930
3352
1378
5083
5179
573
2514
7865
5735
5644
5725
6822
4221
2673
4958
570
4823
2854
882
158
4151
5315
6687
5119
7293
2623
5419
1924
3287
703
1688
6928
2070
3661
7638
5717
2141
2902
2288
6845
7527
7171
4895
2250
290
7566
6725
1230
4684
1270
3627
7663
3222
7698
4081
1245
3267
957
5873
6808
5431
4947
3336
7398
7909
4138
2069
554
6044
5999
3347
1361
5772
6254
7899
4125
3257
3574
6520
3097
2874
2035
982
5523
3874
7574
4954
3324
2401
923
7176
7053
6210
1903
5852
7359
4280
4675
4281
2979
4663
496
4961
4361
3311
1697
926
4363
2213
2087
2847
6001
5113
2632
2408
86
3148
5250
754
4609
1193
7729
1285
1114
285
7232
2864
6809
6397
6536
4485
5023
4979
128
5711
4686
37
431
6723
7808
2187
3918
5539
4514
5972
546
6006
32
2885
1896
400
3064
4922
3590
7001
6319
102
6023
5743
3548
6302
6115
59
5239
4867
1749
309
5205
847
7767
1661
613
4342
3809
1082
6577
5322
4022
4079
5261
6422
550
4104
495
4587
2978
4036
4242
1090
6301
1918
4819
6307
6697
2128
6593
6799
3337
2423
6946
1582
3656
2808
622
4170
4942
7930
6139
2780
4821
6711
5773
1286
1129
3194
3685
3857
5889
5083
92
4854
6531
3200
933
6444
211
4124
337
1532
0
5493
3228
975
949
5001
5754
7690
3444
5831
5785
2152
981
3328
6547
7892
5437
5928
3525
15
1093
1885
4093
4373
5129
100
4909
1905
6991
362
7902
1810
5986
1554
7797
6594
1653
7910
384
1640
6895
3140
1372
1879
5571
6277
6432
2234
169
1321
4147
6903
3397
1310
6869
3195
3968
6152
6099
6491
5532
6611
4773
6055
6690
2054
4955
2790
3187
5115
3729
5672
6839
2149
659
3484
1452
389
3023
585
5921
4960
6057
7866
4900
7417
4824
4627
5887
232
5829
6056
250
2660
6376
4063
664
4674
5698
641
6644
7172
227
6552
1288
6398
3944
6014
2035
6556
7545
2191
200
2828
7271
6700
250
5528
3528
2938
6199
6877
7026
1954
3238
4892
3958
701
3619
2154
1841
1898
3044
2687
7925
6351
3232
6000
2693
2488
2033
3295
5740
5962
2428
1122
6441
596
5905
4298
7096
551
2198
2606
5852
481
2024
4854
6474
1601
6441
1104
2158
4927
1597
1381
4854
640
3144
4963
4172
2342
2228
2322
745
5173
953
6074
7994
3086
1390
7784
1575
3236
4665
242
1338
4323
1330
5825
4464
853
7192
2833
6512
4661
3956
7167
1419
6687
5494
2504
2085
7873
4223
6123
1976
158
2054
5773
5263
4986
552
5520
4324
1309
3382
7231
7017
6001
2828
5388
7942
2707
5120
2165
5989
2537
4478
1214
2780
5656
3250
377
5202
687
7198
7522
12
5004
951
1983
5617
1345
4822
4580
3396
825
6631
1962
555
7314
2898
4001
6273
5261
4669
4258
1026
2450
480
7022
5233
6793
2388
4187
3994
2139
6673
7252
7478
245
2812
3963
1599
4386
6468
7656
2926
775
2711
88
3385
788
389
7564
2061
2160
5483
3428
5552
691
4498
5489
2592
1630
402
2715
3264
7786
3264
1525
5927
7560
5761
289
53
2455
1857
1121
6507
4280
3437
2846
2341
1119
6374
7995
7028
2292
2417
3967
5113
1896
2545
3984
2576
176
6810
5233
783
3826
5440
3605
6720
6469
1886
4676
5263
966
6712
1106
2578
7786
1656
3376
1287
6619
7905
5794
7898
3480
3543
2965
5011
4991
2366
3415
5190
5115
1661
830
7921
1544
2279
3373
1916
5025
4244
7793
4081
1342
1367
5566
7802
261
2748
3045
2756
2660
5777
2619
6282
182
2159
7128
432
7136
3700
7302
7104
3997
45
7731
277
1760
2231
903
5146
511
3875
3087
1061
5967
6029
4350
456
4388
2138
5763
7575
7120
6284
3851
4557
1181
6795
3600
4581
1672
2535
843
43
3437
6599
4612
6317
1275
1870
2029
6505
6136
804
6605
7592
1126
6032
7276
7806
7763
4802
6306
504
5832
6971
7168
1750
1285
1224
4782
6816
2066
5367
3990
3162
1311
4016
7927
6004
1311
4657
7916
1425
7729
5050
6809
1032
5952
7098
2195
3495
90
6777
4636
1868
2021
402
1116
7424
3019
2465
7154
4778
3855
5457
6515
1436
947
7550
7227
7431
1962
1693
6629
5568
2436
7636
4400
5841
3374
4592
3068
6922
4372
2665
6220
1187
3760
3908
5675
1556
321
796
95
6526
4591
1090
1080
6037
3326
1531
6477
5453
6636
2481
6708
7699
7414
1597
6140
710
1055
2782
4028
630
6112
3143
352
4809
5404
3350
2832
424
4241
5758
702
2669
1791
7831
2312
4721
1270
5862
3378
6321
4501
3681
733
4576
6524
4983
4667
3698
6347
4096
7461
1684
4505
6473
4472
5547
3045
2878
5153
4487
6629
6166
2612
4499
874
784
3869
2209
7646
536
2689
6317
2931
7870
2895
5831
3033
5873
319
7363
3229
378
6065
7054
1636
4006
6488
2307
3951
4685
6350
4267
1838
4113
6819
4123
1116
2850
1510
6568
5554
4142
7545
4381
5952
4297
570
851
2303
5379
955
3895
3255
6151
6928
5003
1670
3692
5092
5724
6016
6766
5854
4237
2415
2981
6499
597
7586
6985
2169
1599
4526
2367
4781
750
2684
7644
3886
7661
4488
6654
7773
4249
2499
5867
1597
4462
4054
7586
4087
5794
3199
2677
3383
698
796
5447
5827
4058
5099
4456
3022
1213
2721
6512
245
5586
5790
2780
1294
3810
7232
5900
3130
3279
4501
7173
2147
2421
6708
7359
703
5505
977
7294
3514
1665
5003
5493
800
1859
6156
7101
4560
1820
7119
1993
126
1612
3920
3524
5139
3249
2358
1380
4364
2867
5211
164
7249
1305
3222
5802
7916
471
1785
4565
6252
748
4340
6410
2053
6698
4893
7586
1655
708
7718
2854
2271
4743
4155
1398
3231
7218
6573
4419
7616
5061
3934
6640
2247
4360
6049
337
6772
567
462
1275
7602
1037
1085
811
3684
2752
5022
5662
637
427
1727
4273
5505
6720
4456
4386
411
5129
6154
4416
5646
7203
280
3367
1221
5036
7704
523
4707
5559
5699
2799
2138
983
4189
632
2071
5813
1783
4425
6356
7173
3765
1066
4952
7742
102
5694
6129
1442
7647
7849
7655
7064
1101
7335
3063
2370
7957
7563
7862
6737
7480
6863
3573
6281
970
5148
696
5416
5880
570
3261
7168
2051
201
5355
3100
146
2506
5
4558
2564
7289
5107
1980
5444
3011
5542
2366
3028
3816
3413
6549
2532
7299
3332
3755
2806
2975
959
4977
5437
653
2464
1045
4605
3303
4396
3807
5849
743
3407
1693
6077
399
3548
5978
7493
7602
5381
5381
784
300
7880
233
5767
7803
3118
1236
4834
77
3005
7921
1935
7346
2811
231
7440
7161
2019
3233
7135
5817
1019
7767
1711
2949
426
4913
1512
2312
321
3506
5933
6202
5456
7451
7729
5695
1487
5452
3644
1779
542
5816
159
7698
1957
1327
4758
6237
3746
1741
5030
7394
410
4283
42
7820
4912
1603
4796
1596
1194
3952
7219
385
324
1921
6037
1677
6412
1902
973
4772
1658
509
148
3387
1430
2496
1144
5172
2000
1311
4108
6151
5603
210
3393
2013
3719
6955
2611
4422
5994
6427
6619
898
6978
3048
6834
3588
1862
747
1402
7119
3647
4255
7134
2983
5706
5840
1765
1298
7423
2182
6942
2528
651
6869
4527
1657
925
1105
7143
3527
7946
6523
2536
480
2542
1560
4230
162
4364
4689
4049
4267
1825
1852
3491
206
7277
5787
4560
1141
2203
1481
2539
3494
7201
6813
3343
1017
3790
546
6442
4676
5577
1098
6997
71
1090
7140
1747
789
1579
2851
4268
3049
352
2772
2681
2180
5722
3472
2441
6932
7383
1852
4797
7299
68
4709
1572
3499
2579
7263
3364
7917
6786
3661
846
4320
1970
2056
3764
5271
4868
6666
5342
5699
1053
7296
1194
3693
4778
7119
3485
5112
193
6097
4941
6236
805
226
7472
6663
380
7866
524
6844
2914
5748
2941
3089
4121
798
966
7579
7868
7756
176
3853
2235
6645
4501
3455
3409
2426
5128
4844
1361
5802
5974
7393
5272
2909
2522
5226
4928
6721
3233
5847
815
4314
5346
2967
6393
7707
5784
1611
3055
1816
2999
6563
7513
1115
6993
6356
4877
4947
2364
6516
4440
3973
3117
7418
1206
1072
6119
4074
6420
5084
449
7379
927
7107
6533
4770
1870
613
1844
4951
320
6495
3051
6298
4624
4205
5930
3722
3810
2474
5938
4254
3125
7668
6262
1272
3794
4672
6275
1266
5340
6235
3720
1206
1339
58
6571
7056
6188
4460
7411
4627
7538
1280
285
2958
2253
757
1384
3575
7279
3420
6542
6423
4574
6629
410
986
5240
2197
4308
5042
2278
6608
129
3670
3867
4660
4322
3630
7856
6946
4835
865
5137
5382
3060
5880
4849
3083
6187
6891
1861
7203
5010
2142
4726
1917
4120
425
6338
7548
5538
4835
5747
4926
3241
2943
6118
1351
4640
7049
577
4154
7994
4854
2667
5612
3835
5843
5447
5099
1872
1855
2711
628
4512
1787
5627
4542
1952
6037
2041
4921
3988
275
2008
5333
2046
2288
3565
6898
3563
2135
1566
180
3745
6496
1377
6269
4865
5078
4488
2460
624
120
636
4269
4754
7501
2744
4099
6916
5620
1032
7689
1071
197
6890
6528
7908
1314
1615
1778
7510
5480
7875
773
7360
170
6776
1023
5898
1277
6641
6692
5219
3067
7162
853
6167
1701
6290
3398
4914
3072
7292
7286
2292
7650
7606
895
7505
3238
5679
3563
6475
6953
2708
964
7981
4484
3211
2795
1868
5599
3622
5322
2976
2061
5604
1643
107
1587
543
7098
5186
7153
3675
4091
7939
6906
2577
7640
5779
137
5245
6303
5224
1209
3744
6698
4060
4040
2433
3639
6592
6680
7012
4015
1696
4708
138
2820
1048
3647
1163
4340
4758
6243
1472
308
5782
465
3252
3918
6879
211
7945
1906
488
5198
1456
2470
805
5185
6170
630
6465
635
3081
6703
3612
7115
2872
7865
778
2167
2517
1379
2881
1097
3988
2850
5764
63
5928
1972
5107
1038
3629
3523
162
5671
3436
954
1626
5772
2693
7743
4155
7075
5606
5721
5332
146
6913
3944
4595
1740
6998
217
1484
7607
4107
4224
4699
3683
5568
263
1864
4832
2430
6929
4494
4688
707
6639
1579
6919
5393
5735
296
7106
6695
5939
7784
1679
1440
4289
5501
7771
344
3239
7614
5554
7866
5411
970
6560
3625
602
593
3701
2841
1909
5289
3126
51
5461
6813
2763
5344
6031
1189
3342
1601
2892
4164
2867
4775
4583
397
2986
958
3838
5883
1372
4022
749
3217
6188
1860
3284
3726
6907
1778
1639
3096
2187
2325
4433
16
4223
5880
4604
4491
1913
7547
2918
1877
4395
3449
5339
282
5941
7231
3058
4914
4902
7624
4816
1039
1332
6163
4219
3630
6120
6657
2066
2409
6906
6783
1283
3856
751
3159
1859
2916
4468
4545
5285
6487
6734
5278
4287
2443
3527
2860
4218
5785
151
1586
1315
1686
1032
374
2068
7551
6679
1461
7298
858
7660
1394
4083
2433
4098
740
515
5925
2189
6218
2328
7659
2403
6430
6754
4653
5481
4169
1550
4475
6049
252
5955
4756
3610
2102
7375
559
4848
2810
977
4409
3672
3167
4881
716
6063
2148
5492
7425
3794
4616
5582
7106
2227
494
6047
5369
4891
5430
2830
4309
3209
2970
3332
2890
1683
545
5696
6497
7075
6032
7672
4556
4522
4466
3339
5998
2261
5444
1786
3463
1548
5040
1911
533
7590
5555
5839
5920
4707
6180
6011
6404
6680
5661
5816
465
5166
313
2737
6919
3248
5234
4253
5516
1656
1335
360
3332
1869
7802
6359
3922
3268
6863
7644
1583
700
5260
4548
6710
6245
548
1854
2114
4711
6389
2431
2292
2281
3244
7485
6042
5955
7370
1282
5426
5888
7814
1724
4982
7394
4071
2017
6216
2335
2347
4707
3783
839
3890
5719
5411
7697
567
2566
7474
3506
4934
5737
4310
2566
229
1337
1690
3740
316
6387
3540
6916
263
7720
5868
4426
3350
1296
2983
5695
1465
6755
489
2628
3429
6413
5153
4641
5503
428
3648
1980
4357
4716
2284
1882
5030
5241
6236
4362
2934
5652
1418
6823
7680
